%time,field.position.x,field.position.y,field.position.z,field.orientation.x,field.orientation.y,field.orientation.z,field.orientation.w
1470066232369575288,-0.0293740592897,0.139159142971,1.37535524368,-0.207689416184,0.0160827970141,0.757552007675,-0.618644813858
1470066232482029988,-0.0293740592897,0.139159142971,1.37535524368,-0.207689416184,0.0160827970141,0.757552007675,-0.618644813858
1470066232557062035,-0.0293740592897,0.139159142971,1.37535524368,-0.207689416184,0.0160827970141,0.757552007675,-0.618644813858
1470066232627354872,-0.0293740592897,0.139159142971,1.37535524368,-0.207689416184,0.0160827970141,0.757552007675,-0.618644813858
1470066232701141778,-0.0293740592897,0.139159142971,1.37535524368,-0.207689416184,0.0160827970141,0.757552007675,-0.618644813858
1470066232772186781,-0.0293740592897,0.139159142971,1.37535524368,-0.207689416184,0.0160827970141,0.757552007675,-0.618644813858
1470066232845251238,-0.0293740592897,0.139159142971,1.37535524368,-0.207689416184,0.0160827970141,0.757552007675,-0.618644813858
1470066232915452844,-0.0293740592897,0.139159142971,1.37535524368,-0.207689416184,0.0160827970141,0.757552007675,-0.618644813858
1470066232988105078,-0.0289194844663,0.13815176487,1.36503136158,-0.291861567078,0.026107782223,0.767347733827,-0.570361871762
1470066233057426881,-0.0281448289752,0.138221397996,1.34703171253,-0.337568216733,0.0439575678031,0.785493776884,-0.516831653212
1470066233134936728,-0.0289318971336,0.14088563621,1.3634237051,-0.54727894742,0.0495491698379,0.744602923952,-0.378942105236
1470066233205150612,-0.0287128984928,0.140508383512,1.35765099525,-0.509415788006,0.0407023494934,0.745745836266,-0.427436569993
1470066233281410738,-0.0282002147287,0.13964535296,1.33984839916,-0.408438091612,0.048485664045,0.772913393452,-0.483148374647
1470066233358813388,-0.0284064803272,0.136837244034,1.30557644367,-0.373010567828,0.0573330737969,0.791449134425,-0.48081628774
1470066233444247774,-0.0281480979174,0.137732282281,1.30587470531,-0.159157591491,0.0146394602389,0.783643469518,-0.600297809389
1470066233519214935,-0.0278172418475,0.137732729316,1.29747354984,-0.0886597254431,0.0119586463366,-0.546822915448,-0.83245488947
1470066233597083041,-0.0277159623802,0.13940115273,1.29873526096,-0.177746147719,0.021223557119,0.782112959537,-0.596871163752
1470066233671761564,-0.0277841724455,0.140282794833,1.29927325249,-0.0570076075376,0.00342420937679,0.75714972039,-0.650740123541
1470066233748610692,-0.0277431607246,0.140338420868,1.29908645153,-0.205727184515,0.0147538882676,0.754313517432,-0.623273427761
1470066233828856331,-0.0274794176221,0.139844045043,1.29311668873,-0.395133765822,0.0335512742068,0.754959075777,-0.522283843334
1470066233902226662,-0.0270852707326,0.138790681958,1.28250658512,-0.40635022251,0.0407931724694,0.763646562202,-0.500059338263
1470066233977000402,-0.0268810726702,0.132990628481,1.2401753664,-0.265602976674,0.0253062258145,0.776753324905,-0.570498839583
1470066234059423701,-0.0265055615455,0.132273733616,1.23445463181,-0.147234783646,0.0143580452607,0.780745026352,-0.607085635514
1470066234138780238,-0.0262256860733,0.130137056112,1.22912847996,-0.317755650948,0.0354583360723,0.772157922556,-0.54913222026
1470066234220280813,-0.0261751487851,0.130117252469,1.22872841358,-0.294558901819,0.0327443478151,0.771679794007,-0.562737200269
1470066234298039571,-0.0262326095253,0.130030572414,1.22663259506,-0.265507250964,0.0285602615313,0.77015110996,-0.579273233435
1470066234377951249,-0.0266551114619,0.127723634243,1.20086944103,-0.0135229367192,0.00118205413298,0.782183789674,-0.622899873256
1470066234456276543,-0.0265345517546,0.127766996622,1.19757652283,-0.282553198226,0.0315149336771,0.772644113179,-0.567619215229
1470066234536313881,-0.0265870504081,0.129597082734,1.19865393639,-0.204764657476,0.0234362215899,0.777432940815,-0.594239178363
1470066234612163473,-0.0266325101256,0.130438864231,1.19935941696,-0.189945548723,0.0144079542928,0.757496702117,-0.624429215889
1470066234692384185,-0.0266201607883,0.130601719022,1.19916808605,-0.246577637098,0.0166768431293,0.75062410825,-0.612768145305
1470066234769673062,-0.0264597479254,0.130064859986,1.19387185574,-0.350694709664,0.027595605352,0.754061570535,-0.554655614792
1470066234851498806,-0.0264824032784,0.128877177835,1.18248283863,-0.372546924072,0.0367000873395,0.759322608465,-0.532250945728
1470066234935559493,-0.026095373556,0.124850086868,1.14949131012,-0.465108130972,0.0563725027224,0.766608603685,-0.439098868362
1470066235016144023,-0.0256614722311,0.124133504927,1.14339637756,-0.459343742709,0.0467294752759,0.760705475455,-0.456231149514
1470066235091796730,-0.025372043252,0.124193780124,1.14098370075,-0.0623596703103,0.00338395158428,0.752131100814,-0.656047732698
1470066235169257648,-0.0253486894071,0.124234654009,1.14101207256,-0.157128612999,0.00979081793234,0.750490255661,-0.641855992431
1470066235246794913,-0.0252611339092,0.124224074185,1.13982462883,-0.377037510513,0.0259917886384,0.746291791557,-0.547919432439
1470066235329075638,-0.0257034767419,0.122165970504,1.11394166946,-0.132760024515,0.00845583851145,0.752595583286,-0.644905545568
1470066235407889448,-0.0256525408477,0.122123353183,1.11293447018,-0.145252668053,0.00864561226963,0.751702840542,-0.643249372587
1470066235482837770,-0.0255036074668,0.121986918151,1.11060082912,-0.36574982488,0.0261717323199,0.749716877368,-0.550878126102
1470066235558656355,-0.0245271474123,0.120173759758,1.0903904438,-0.475317995548,0.049988368937,0.761110912706,-0.438502160358
1470066235645205046,-0.0241679530591,0.11994317919,1.08719956875,-0.387351070422,0.0362030414332,0.760748579522,-0.51952871604
1470066235723705596,-0.0238877236843,0.118512973189,1.08183825016,-0.493045939787,0.0467247553405,0.749737485422,-0.438880623234
1470066235804265083,-0.0241076983511,0.118106611073,1.08298122883,-0.397483330663,0.0291665249131,0.747558485474,-0.531330995205
1470066235881708399,-0.0243223812431,0.115096472204,1.05963253975,-0.333170797831,0.0343984074255,0.764981498956,-0.550106603573
1470066235956614954,-0.0242912825197,0.114497661591,1.05923748016,-0.29875521491,0.0205487749098,0.752911264701,-0.586044108323
1470066236040242278,-0.023436833173,0.112974703312,1.04309618473,-0.406008299548,0.0410847075064,0.76627796095,-0.496273507322
1470066236116848633,-0.0231168121099,0.113184511662,1.03967130184,-0.064739440235,0.00326079731782,0.748780465926,-0.659640800684
1470066236193331709,-0.0230821985751,0.113230019808,1.03966379166,-0.198024269852,0.011557037788,0.7466482394,-0.634956085118
1470066236268821067,-0.0229760929942,0.112943939865,1.0366948843,-0.37382469697,0.025540871539,0.74644857745,-0.549924795803
1470066236349507174,-0.023127105087,0.110241621733,1.0108679533,-0.420631896636,0.0443793954567,0.761215380232,-0.491579517158
1470066236430119893,-0.0231477469206,0.109495192766,1.01184475422,-0.436651304619,0.0328679785292,0.748113768658,-0.498579104362
1470066236518023145,-0.0235007945448,0.108468227088,1.0133638382,-0.195519477052,0.023730778178,-0.598748636707,-0.776343386847
1470066236591486848,-0.0231372714043,0.106555879116,0.98254597187,-0.45262637857,0.0473151988848,0.760432983109,-0.46328426649
1470066236671343623,-0.0223624929786,0.104812972248,0.973611593246,-0.322235211348,0.0299473124867,0.761363307161,-0.561777128007
1470066236755625845,-0.0224424861372,0.103514716029,0.974678695202,-0.24830172512,0.0170518647939,0.751304470208,-0.611225883168
1470066236839347169,-0.0224722661078,0.1020090729,0.974820256233,-0.198376732319,0.0110763974311,0.745150670198,-0.636611705986
1470066236914010457,-0.0223796535283,0.101624287665,0.973284423351,-0.337546910282,0.0197831144095,0.741670314163,-0.579306358357
1470066236986661908,-0.0220878068358,0.0996105223894,0.960388362408,-0.565342546027,0.0349502971158,0.735813785873,-0.371139266182
1470066237059413469,-0.0220154132694,0.0969320759177,0.940613925457,-0.445228729032,0.0310739173318,0.747650787046,-0.491756129738
1470066237138073903,-0.0218805335462,0.0966227948666,0.938906013966,-0.438062250537,0.0264085853978,0.744321562641,-0.503378051428
1470066237216676538,-0.0216520112008,0.0962443724275,0.93600922823,-0.26333239305,0.0133371322052,0.743871605687,-0.614111721048
1470066237298113222,-0.0219127181917,0.0933107510209,0.921134591103,-0.01404998244,0.00226761173886,-0.595044565599,-0.803566687265
1470066237373620878,-0.0219292119145,0.0935903862119,0.917035758495,-0.101388908274,0.00490153491194,0.746560353101,-0.657528633151
1470066237453865956,-0.0217887982726,0.092379681766,0.914246976376,-0.508403340087,0.00960564784732,0.717607413532,-0.4758921888
1470066237529597224,-0.0215268228203,0.0905766040087,0.894267380238,-0.452667649541,0.034116225373,0.752600787706,-0.476990709102
1470066237607366884,-0.0213551186025,0.0899505317211,0.884637236595,-0.477617980055,0.0459646940732,0.75653028384,-0.44433122967
1470066237685440059,-0.0213319603354,0.0902709960938,0.884343922138,-0.435429451032,0.0259943739434,0.744323150634,-0.505676312603
1470066237769625700,-0.0213583782315,0.089017957449,0.870076239109,-0.415591907802,0.0354841181666,0.758093080398,-0.501317389466
1470066237851137573,-0.0214318074286,0.0891019776464,0.866718828678,-0.248920699467,0.0147706241905,0.746184615952,-0.617275329941
1470066237935310493,-0.0214900933206,0.0881731435657,0.865774869919,-0.638710144047,0.00391476252944,0.70488691861,0.308493854879
1470066238015058890,-0.0216840449721,0.0865627750754,0.854792535305,-0.0850329891814,0.0123687072103,-0.600203905757,-0.795218006176
1470066238092543722,-0.0213011261076,0.0863140299916,0.843681097031,-0.43358505919,0.0336136061554,0.750915622264,-0.496990794853
1470066238171824393,-0.0210260301828,0.086254671216,0.83854752779,-0.461738195666,0.0241400096715,0.739160098245,-0.489752435173
1470066238254585269,-0.0209157206118,0.0842736214399,0.826204240322,-0.594866061017,0.0322836417958,0.730026769457,-0.334892597409
1470066238328827583,-0.0210174899548,0.0837960839272,0.820774137974,-0.147659875018,0.00680327737084,0.741956174479,-0.65395054238
1470066238408294775,-0.020799331367,0.0826244801283,0.817291378975,-0.599817797457,0.0176164018014,0.718771896047,-0.351105730078
1470066238484638672,-0.0207746680826,0.0810866877437,0.800715327263,-0.348183711152,0.0219861145708,0.752367681481,-0.558773286689
1470066238557821070,-0.0205183923244,0.079808473587,0.795053839684,-0.386905188613,0.0197354083975,0.741626141084,-0.547636335116
1470066238632514812,-0.0203567314893,0.0787070989609,0.792467772961,-0.649776073965,0.0127114101878,0.713149517823,-0.262768413211
1470066238713747182,-0.0199944358319,0.0763722136617,0.776467323303,-0.662302630988,0.049737580024,0.72456224795,-0.184094940087
1470066238793094244,-0.0200963765383,0.0757947787642,0.772799432278,-0.459252245353,0.0351612679604,0.748850956799,-0.476522092745
1470066238866650612,-0.0199902486056,0.0742894932628,0.765623033047,-0.535458265405,0.0378311917499,0.742520498855,-0.400645174338
1470066238946117900,-0.0201124232262,0.0726758092642,0.756040036678,-0.347706928067,0.0169235909993,0.741441488141,-0.573653208747
1470066239031824178,-0.019853150472,0.0715296491981,0.752369523048,-0.47601899819,0.0076511202361,0.716682957159,-0.509620361288
1470066239108970865,-0.0190568696707,0.0696258917451,0.740372776985,-0.654305542335,0.0562893181422,0.72809024979,-0.196469738366
1470066239190196661,-0.0192198362201,0.0675456374884,0.736126899719,-0.0771498370583,0.0100239081233,-0.615795130523,-0.784055980866
1470066239267253024,-0.0189292114228,0.0665705800056,0.72529643774,-0.458641955683,0.0183576449756,0.731327062353,-0.504451465681
1470066239343628446,-0.0183532200754,0.0649241432548,0.717550814152,-0.607528588573,0.0514091472909,0.736172126693,-0.293797061799
1470066239422447746,-0.0186397209764,0.0629472285509,0.713154435158,-0.09973180363,0.012829783416,-0.617823089915,-0.779861265592
1470066239499477448,-0.0182082727551,0.0618618130684,0.702398002148,-0.521615430629,0.0408822140454,0.743715410899,-0.41609298804
1470066239577583340,-0.0182816460729,0.0606092438102,0.698711812496,-0.522029416743,0.0313490541534,0.739055501187,-0.424616875576
1470066239656349294,-0.0181594174355,0.0579865500331,0.687464594841,-0.531707403891,0.0368036714977,0.739494249026,-0.411194579329
1470066239732422046,-0.0184083487839,0.0563128627837,0.68402248621,-0.0645974018021,0.00747675494817,-0.630350832152,-0.773581994504
1470066239805706087,-0.0182495228946,0.0554011501372,0.676160335541,-0.579037847007,0.0359190282631,0.731007605828,-0.359239300972
1470066239877622798,-0.0183972064406,0.0533207207918,0.665163397789,-0.473393598624,0.0185745781967,0.732269177548,-0.489219109848
1470066239952014856,-0.0182354152203,0.0528331547976,0.661335170269,-0.408938636283,0.0191004524508,0.737742548548,-0.536787012262
1470066240027494449,-0.0183899942786,0.0514889284968,0.651128530502,-0.330343498408,0.014672964341,0.738619325285,-0.587451589063
1470066240102298749,-0.0179630573839,0.0504411011934,0.645656406879,-0.498787943382,0.0191416272441,0.728217587257,-0.469620411878
1470066240178199386,-0.0180184021592,0.0491662472486,0.634588479996,-0.442416910155,0.0222414957463,0.737859226021,-0.509250779137
1470066240253947005,-0.0178008582443,0.0490043982863,0.632750809193,-0.432263785427,0.023267671169,0.739207895855,-0.515924725122
1470066240333316971,-0.0175657104701,0.0477116666734,0.622318565845,-0.540546798315,0.035696237235,0.738187480031,-0.402012663736
1470066240408090843,-0.0171877704561,0.0466350503266,0.613984882832,-0.577024690868,0.0436557282599,0.737240065023,-0.348731659078
1470066240484601667,-0.0173192508519,0.045564673841,0.605678915977,-0.607277145262,0.0356937834659,0.727321543899,-0.317716531589
1470066240563081591,-0.0171370916069,0.0454648658633,0.60274630785,-0.552321797195,0.0303513051031,0.732413410222,-0.396976104003
1470066240646483919,-0.0173167381436,0.0444398149848,0.593653321266,-0.36812167735,0.0166669215509,0.737974623745,-0.565333617522
1470066240727064045,-0.0166937708855,0.0432857125998,0.582526385784,-0.632474447494,0.0515769353012,0.731562527852,-0.249263236068
1470066240804063793,-0.0169620122761,0.0433790758252,0.579777657986,-0.457931864849,0.0203736970722,0.733795101796,-0.501426034629
1470066240885559990,-0.0168464742601,0.0423810146749,0.569839179516,-0.562447274621,0.0373146275203,0.735541075456,-0.37581911628
1470066240960724068,-0.016656531021,0.0421612747014,0.563073158264,-0.525849344074,0.0286902329209,0.735640249574,-0.426019672174
1470066241040765376,-0.0166403446347,0.0416088476777,0.556568205357,-0.549213680115,0.0150737097456,0.721203152371,-0.421904171418
1470066241120009387,-0.0162741560489,0.0409679561853,0.545558810234,-0.585621990658,0.0374972558597,0.732822531642,-0.344400895728
1470066241195613314,-0.0163949355483,0.0403796434402,0.540023803711,-0.560585273326,0.022584467943,0.726424681864,-0.396914694509
1470066241276004621,-0.0159672629088,0.0396747477353,0.533602535725,-0.598826513891,0.0342043728208,0.728950745573,-0.329951023138
1470066241354953756,-0.015911700204,0.0386734120548,0.523279726505,-0.414841452407,0.011662296131,0.725523768018,-0.548986176743
1470066241435556363,-0.0156771801412,0.0379541926086,0.517813444138,-0.632671226248,0.0275189213842,0.722428959485,-0.277608045529
1470066241509537647,-0.0153836775571,0.0374628975987,0.511885285378,-0.564999031303,0.0306037566584,0.730830377301,-0.381741357884
1470066241590131801,-0.0152352591977,0.0361831896007,0.501331031322,-0.569104491443,0.0263346600604,0.727406794931,-0.382499566257
1470066241667295720,-0.0152926994488,0.0353369191289,0.494220018387,-0.414078296183,0.0155870867055,0.731161866232,-0.541939602471
1470066241747834137,-0.0149018000811,0.0345106348395,0.48873141408,-0.582336062656,0.0276475746024,0.727967261941,-0.3608101818
1470066241828028378,-0.0145767200738,0.0332200862467,0.478278011084,-0.636140799305,0.0416336681646,0.727570760724,-0.253440938434
1470066241908481740,-0.0144782131538,0.0325111858547,0.472607314587,-0.667825646268,0.0363189916551,0.71962619283,-0.186622559264
1470066241989330269,-0.0145175624639,0.0319222100079,0.466244965792,-0.444818294627,0.0167458642603,0.731654894393,-0.516272579463
1470066242068391426,-0.0140317957848,0.030816949904,0.456204682589,-0.54568341481,0.0352161724218,0.736934075023,-0.397388476269
1470066242147670514,-0.0141328852624,0.0300499387085,0.449903041124,-0.506095830238,0.0188268931736,0.728364563167,-0.461516653905
1470066242225458652,-0.0138319497928,0.0289824418724,0.441304683685,-0.453470098768,0.0206781118931,0.734422764444,-0.504539877788
1470066242305457551,-0.0136344842613,0.0283468086272,0.434134662151,-0.541683483011,0.0263289900992,0.730447467184,-0.415129240355
1470066242383832822,-0.0135241290554,0.02767592296,0.427407622337,-0.46652001909,0.0229267376326,0.735930712387,-0.490142247776
1470066242458894574,-0.0133387455717,0.0267562530935,0.419196397066,-0.5074401036,0.016429281332,0.725071876785,-0.465301400673
1470066242530201891,-0.0131759326905,0.0262652840465,0.412033766508,-0.559398947965,0.021946380993,0.726274699414,-0.398893763261
1470066242607426017,-0.0130500458181,0.0253773014992,0.401470899582,-0.492243582341,0.0228032661246,0.732753629904,-0.46930628012
1470066242685617703,-0.0128148654476,0.0248152650893,0.395113736391,-0.519870891618,0.0306008951904,0.735927718463,-0.432675668902
1470066242761458437,-0.0127867739648,0.0243506655097,0.389509886503,-0.442492961079,0.0202609772971,0.734758835033,-0.51373040258
1470066242838111551,-0.0126177761704,0.0239142589271,0.383288651705,-0.420741527389,0.0171945956936,0.733591994595,-0.533407628812
1470066242916528264,-0.0125016896054,0.0234322175384,0.373152583838,-0.431557948118,0.0155924684551,0.73133159917,-0.527890807269
1470066242992670777,-0.0123004736379,0.0231753159314,0.367411613464,-0.432164286827,0.0168728701404,0.732952421099,-0.525100070319
1470066243066570405,-0.0121123977005,0.0230366941541,0.36098960042,-0.516192457438,0.0160198171602,0.724980003411,-0.455733153278
1470066243138663849,-0.0117601882666,0.0228651128709,0.351394921541,-0.525435373065,0.0236627657999,0.730017049683,-0.436386124228
1470066243215312666,-0.0117315696552,0.0227598436177,0.345244556665,-0.564494334893,0.0179149544546,0.723193599261,-0.397512538505
1470066243290835485,-0.0116667719558,0.0228188745677,0.338595092297,-0.430692393232,0.0141706893123,0.729276723759,-0.531468450767
1470066243367770843,-0.0114154778421,0.0227215401828,0.329436153173,-0.508132864535,0.0159499382879,0.725555818003,-0.463805289329
1470066243440585403,-0.0113458968699,0.0226626973599,0.322365373373,-0.435067771727,0.0151284329108,0.729688040534,-0.527297381013
1470066243513365825,-0.0111211808398,0.0226997453719,0.316895514727,-0.615933228226,0.026855107979,0.723473321337,-0.310630672756
1470066243585924944,-0.0111596826464,0.0228106118739,0.311715304852,-0.525454155302,0.021521141873,0.728400787482,-0.439166328314
1470066243663831175,-0.0112222954631,0.0229563694447,0.309221386909,-0.538988907806,0.0243408153763,0.729553529435,-0.420297667919
1470066243740670309,-0.0108992559835,0.0231879539788,0.310093462467,-0.592378323376,0.0276756544229,0.726441559693,-0.347281788318
1470066243819049491,-0.0109656490386,0.0232954472303,0.306905537844,-0.493200905408,0.0168320670457,0.727355560742,-0.476889333788
1470066243894269576,-0.0108085973188,0.0238576922566,0.306263178587,-0.615149001006,0.0278916554552,0.72406052574,-0.310725147327
1470066243968545626,-0.010899361223,0.0244365017861,0.306698560715,-0.594071789465,0.0250244681934,0.724527173289,-0.348586947718
1470066244043572696,-0.0108451629058,0.024348763749,0.305812746286,-0.629565439393,0.0286130621584,0.722811357291,-0.283500250382
1470066244116868802,-0.0108416564763,0.0242007821798,0.305646300316,-0.631733307741,0.0289455496409,0.722760697148,-0.278733129901
1470066244192152723,-0.0108616007492,0.0240818709135,0.305545002222,-0.631576800467,0.0274292616539,0.722119874012,-0.280893695682
1470066244268166824,-0.0109267253429,0.0238933917135,0.305642068386,-0.625221709756,0.022992659858,0.720782902117,-0.298397652902
1470066244342804773,-0.010877629742,0.0236053112894,0.305333435535,-0.617754309084,0.0272727698716,0.723399784258,-0.307129552091
1470066244421550042,-0.0108492234722,0.0232430454344,0.305395871401,-0.615579686421,0.0286881888939,0.724549539522,-0.308652883127
1470066244495781519,-0.0108877196908,0.0227954760194,0.305391073227,-0.607825096314,0.0270676047875,0.724622937016,-0.323631883802
1470066244568280442,-0.0109196137637,0.0222294833511,0.305146843195,-0.58541393965,0.0260766277532,0.726347624032,-0.359206984636
1470066244641786811,-0.0109315514565,0.0217535570264,0.305280089378,-0.587808502843,0.0261734784767,0.726210615217,-0.355547824287
1470066244721672420,-0.0109768742695,0.0212170779705,0.304803609848,-0.535011936012,0.025894197523,0.731185731134,-0.422444251287
1470066244798522939,-0.0109957400709,0.0206353422254,0.304768264294,-0.531648596512,0.0251860882078,0.730874984916,-0.427243709388
1470066244876418901,-0.0109724514186,0.0196343120188,0.304720431566,-0.53238348582,0.0263798795669,0.731798729023,-0.424667571378
1470066244952837874,-0.0109959952533,0.0189660936594,0.304628580809,-0.521293953629,0.0252130430338,0.731681255993,-0.43847400835
1470066245025261616,-0.0110037680715,0.018355384469,0.304633051157,-0.520940842231,0.0244220240861,0.731274606481,-0.439615347266
1470066245108100423,-0.0110735557973,0.0177577622235,0.304778397083,-0.479829307943,0.0195874510882,0.731073943557,-0.484676238381
1470066245181065498,-0.0109490919858,0.0168827585876,0.304572969675,-0.538082529139,0.0274563587916,0.732049892883,-0.41691281406
1470066245261188581,-0.0109498649836,0.016350062564,0.304519891739,-0.530103730967,0.0270202843285,0.732456304731,-0.426342233785
1470066245337886112,-0.0109687242657,0.0159571804106,0.30457675457,-0.521323081139,0.0253579271733,0.732222271923,-0.437526873576
1470066245411375504,-0.0109169995412,0.0154183544219,0.304459393024,-0.533709679361,0.027397590961,0.7327528078,-0.421279803488
1470066245488752707,-0.0110633522272,0.0150862848386,0.304593801498,-0.453354308124,0.0180022317511,0.732156314545,-0.508028465767
1470066245568195475,-0.0109167397022,0.0147570734844,0.304337829351,-0.517801284762,0.0270045578849,0.733776192636,-0.439004649717
1470066245645631247,-0.0108910631388,0.0143548632041,0.30466362834,-0.551481044757,0.0269333402421,0.730458799844,-0.401961682486
1470066245724828344,-0.0109041370451,0.0141562400386,0.304606288671,-0.536269922771,0.0263128846438,0.731480495938,-0.420307608896
1470066245804331865,-0.0110299540684,0.0139612443745,0.304775029421,-0.477770452877,0.0170616214525,0.72951777144,-0.489129958788
1470066245883517012,-0.0107424249873,0.0136855682358,0.304934561253,-0.614683381794,0.0320217630438,0.726267192828,-0.306063574211
1470066245958472101,-0.0108677921817,0.013528522104,0.305058896542,-0.58185895658,0.0255187418429,0.726507266209,-0.364658937376
1470066246038469724,-0.0109854200855,0.013420028612,0.305094242096,-0.528294602972,0.0179241596979,0.726280684792,-0.439431341473
1470066246116626224,-0.0107960021123,0.0132521605119,0.304801940918,-0.590335371202,0.0302161160487,0.728335599872,-0.346581000342
1470066246192193988,-0.0107916630805,0.0131134195253,0.304834634066,-0.594933020759,0.0301520653195,0.727577855055,-0.340258752424
1470066246276706162,-0.0108374860138,0.0130676766858,0.304944425821,-0.579985628941,0.0274565006447,0.727749266831,-0.365025773639
1470066246356801024,-0.0109010897577,0.0129770739004,0.305170893669,-0.565337614631,0.0225304378461,0.726261003591,-0.390423764027
1470066246433207685,-0.010879823938,0.0127739133313,0.305276453495,-0.59026514574,0.019596269303,0.722374571419,-0.359691565819
1470066246511614246,-0.0108120348305,0.012758327648,0.305229604244,-0.606560700211,0.0231996023055,0.722932640307,-0.330021655337
1470066246590472713,-0.0109101021662,0.012842502445,0.305401235819,-0.575205197577,0.0182585332733,0.722803672662,-0.382570852823
1470066246666588474,-0.0108073810115,0.012723730877,0.305144786835,-0.610619357346,0.0259242459983,0.72373140406,-0.320444673354
1470066246741162829,-0.0108398590237,0.0124023966491,0.305296868086,-0.596659482936,0.023654029802,0.724080437486,-0.345174547653
1470066246813193425,-0.0106981415302,0.0120584666729,0.305017411709,-0.614108589159,0.0315357568834,0.725991819884,-0.307915595936
1470066246886227559,-0.0107377357781,0.011990702711,0.305117368698,-0.604311562807,0.0290857941052,0.726006834279,-0.326918381586
1470066246962168615,-0.0108456201851,0.0118775712326,0.305315047503,-0.58913141241,0.0229112875563,0.72433973885,-0.357395011908
1470066247039048099,-0.0107784643769,0.0116903577,0.305091023445,-0.606637878974,0.0269997746352,0.724777928441,-0.32551259639
1470066247118904850,-0.0107230711728,0.0115727186203,0.30497393012,-0.60548747188,0.0311469659732,0.726825691499,-0.32270606143
1470066247197171236,-0.010774645023,0.0114751122892,0.30513638258,-0.600739664222,0.0286147424893,0.726149493582,-0.333166572922
1470066247273254731,-0.0109216654673,0.0113191558048,0.305382341146,-0.565530590721,0.0189828675397,0.724070363719,-0.394381680715
1470066247354996443,-0.0107277799398,0.0110595049337,0.304929882288,-0.604707233477,0.03099305196,0.72681672163,-0.324200625647
1470066247434771403,-0.0108119770885,0.0108425701037,0.305172294378,-0.601504957373,0.0256280077168,0.724653874073,-0.335278621847
1470066247516252894,-0.0107347518206,0.0106155658141,0.304985702038,-0.616532098081,0.0299480313289,0.725090816215,-0.305343406178
1470066247592380658,-0.0108556309715,0.0102042509243,0.305369615555,-0.573175767507,0.0187111550339,0.723287773082,-0.384674186202
1470066247666232421,-0.0107164187357,0.00992962997407,0.30514216423,-0.597912366937,0.0296662494596,0.727034418028,-0.336216701116
1470066247754178612,-0.0108364745975,0.00961349718273,0.305165141821,-0.586345732233,0.0207818167833,0.723391247678,-0.363966895702
1470066247831562073,-0.0108467163518,0.00920661073178,0.305408984423,-0.581431628142,0.0208796103432,0.724036179678,-0.370503595374
1470066247910536341,-0.0108710387722,0.00911957491189,0.305165529251,-0.579476281692,0.019519209986,0.723376798943,-0.374902982316
1470066247987097119,-0.0108083337545,0.00878817867488,0.305332481861,-0.579959653243,0.0243099482008,0.725986214911,-0.368781565141
1470066248064756722,-0.0107050864026,0.0085010426119,0.305014550686,-0.599117404325,0.030572639482,0.727285291608,-0.333436282011
1470066248146202868,-0.0108473999426,0.00817460566759,0.305415660143,-0.562224468544,0.0198660640419,0.725045267361,-0.397263573397
1470066248228457551,-0.0106667531654,0.00789170246571,0.305059492588,-0.595987865581,0.0319002140899,0.728396869616,-0.336480074827
1470066248310139405,-0.0108345868066,0.00759102171287,0.305351942778,-0.556898440469,0.0191675623527,0.724960094148,-0.404882197002
1470066248385127965,-0.0108295781538,0.00709933787584,0.305407822132,-0.522035468965,0.0173719773369,0.726198365084,-0.447004606347
1470066248460390959,-0.0106977950782,0.00602356437594,0.305160820484,-0.560939368573,0.0247442417606,0.728196387599,-0.39302006103
1470066248540161542,-0.0105254789814,0.00528990197927,0.304805517197,-0.582289062786,0.0331642470888,0.730738491871,-0.35476870856
1470066248620906578,-0.0104866735637,0.00475723249838,0.304623812437,-0.590401839483,0.0336052934218,0.729894517765,-0.34285615807
1470066248697900902,-0.0107383681461,0.00463728792965,0.305555403233,-0.467475908674,0.0191046378372,0.732341764768,-0.494749256896
1470066248776543467,-0.0106853237376,0.00450062844902,0.306288540363,-0.534572000937,0.030400770284,0.734790575892,-0.416402904121
1470066248855537734,-0.0107515864074,0.00445089163259,0.306416124105,-0.503907090647,0.0258941456774,0.734754401675,-0.45336862092
1470066248937889759,-0.0106711732224,0.00445021642372,0.30612462759,-0.528702580886,0.0292260811546,0.734702947883,-0.424064848245
1470066249013208772,-0.0106314821169,0.00446081347764,0.305943369865,-0.536074163842,0.0306497587853,0.734819913065,-0.414396885258
1470066249095762180,-0.0106157045811,0.00447616586462,0.305893868208,-0.543611799481,0.0316616528492,0.734604462359,-0.404771583843
1470066249178471132,-0.0107122240588,0.00436003273353,0.306075334549,-0.496336130644,0.0247993779536,0.734647237708,-0.461875386223
1470066249253810634,-0.0107742212713,0.00428127497435,0.306029766798,-0.457508615907,0.0201706657107,0.734148380814,-0.50130346654
1470066249332602854,-0.0107646426186,0.00464481441304,0.30571809411,-0.479652802934,0.0197536981997,0.731818227948,-0.483720023659
1470066249407873727,-0.0108039453626,0.00517723849043,0.305797994137,-0.462460386683,0.0184026432058,0.731950765863,-0.50003980824
1470066249482269794,-0.0106059536338,0.00555452564731,0.305689126253,-0.554298115922,0.0326558874572,0.733934079425,-0.39118788166
1470066249557432790,-0.0106306457892,0.00563328061253,0.305691987276,-0.543937034839,0.0306908358621,0.733897133283,-0.405691474503
1470066249631361865,-0.0108417086303,0.00574663281441,0.306055903435,-0.461277400598,0.0178266069672,0.731279118407,-0.502131678709
1470066249704299436,-0.0106270238757,0.00601126812398,0.30582511425,-0.546136598504,0.0312797025068,0.734100970544,-0.402308539595
1470066249780968173,-0.0106437234208,0.00613993406296,0.30577558279,-0.555918551622,0.0310019998133,0.732638447511,-0.391451587299
1470066249856800025,-0.0108534069732,0.00631139101461,0.306108742952,-0.443351107517,0.0171313169863,0.732020516636,-0.517003168912
1470066249934339610,-0.0106384707615,0.00661858450621,0.305866658688,-0.555632555964,0.0322023873932,0.73345282058,-0.390233813223
1470066250014516155,-0.0106685589999,0.00702056568116,0.305950284004,-0.54972524971,0.0301463807228,0.732850460722,-0.399779373881
1470066250089862367,-0.0108507825062,0.00728344218805,0.305979043245,-0.468511669268,0.0178151192223,0.730587123995,-0.496408996231
1470066250160689092,-0.0106649203226,0.00755259906873,0.305908590555,-0.547388720618,0.0300116203161,0.733057214358,-0.402606522134
1470066250234505538,-0.0108397044241,0.00787442084402,0.306104153395,-0.514482117362,0.0204749999016,0.729107473251,-0.450878273754
1470066250306786875,-0.0106703368947,0.00818510632962,0.305734336376,-0.581395283912,0.0318273747686,0.730178961673,-0.357498567816
1470066250382860752,-0.0108744483441,0.00830103643239,0.30593457818,-0.505467568499,0.0184472406213,0.728283834479,-0.462347156307
1470066250459934779,-0.0108525073156,0.00836601573974,0.306032538414,-0.517815861015,0.0203556301607,0.728646362075,-0.44780225707
1470066250533245134,-0.01069977507,0.00853581540287,0.305857300758,-0.587087660897,0.0315773429693,0.729400890528,-0.349721733282
1470066250606803886,-0.0109330965206,0.00881323218346,0.306159555912,-0.508483927383,0.0169016114222,0.726430409377,-0.462014384469
1470066250679300444,-0.0107115898281,0.00913485884666,0.306114047766,-0.589070986095,0.0312799740132,0.728847389191,-0.347560670727
1470066250754947090,-0.0107778357342,0.0092741297558,0.30600976944,-0.581689514455,0.0275096133392,0.72755974211,-0.362680784724
1470066250833552948,-0.0107756964862,0.00971591193229,0.306049674749,-0.609591605717,0.0307947183909,0.726095929385,-0.316598264192
1470066250905523168,-0.0108385384083,0.0100070945919,0.306295067072,-0.58930606918,0.026217926405,0.726144286776,-0.353193221829
1470066250986759010,-0.0107392957434,0.010213281028,0.306043535471,-0.61319053673,0.0328452763628,0.726700627911,-0.307936277302
1470066251063374614,-0.0107375932857,0.0101981181651,0.305979311466,-0.616970440439,0.0332234720748,0.726446429498,-0.300864191284
1470066251136040473,-0.0107718976215,0.0102817155421,0.306024372578,-0.603130688988,0.0297807176487,0.726403938615,-0.328152097085
1470066251212970945,-0.0108948824927,0.0103887282312,0.306104689837,-0.512020953162,0.0181657511776,0.727294767965,-0.456669321828
1470066251288710740,-0.0108496770263,0.0104414578527,0.305998295546,-0.545990364377,0.020804251221,0.726586282591,-0.416574217984
1470066251361547858,-0.0108893187717,0.010809446685,0.305706590414,-0.572404584388,0.0194263322614,0.723704143057,-0.385003795707
1470066251434177525,-0.010818740353,0.0111773358658,0.304558128119,-0.559080588808,0.0301811331082,0.731822640611,-0.388527498528
1470066251506167992,-0.0109556270763,0.0114735327661,0.30439504981,-0.496154775793,0.02312236241,0.733129505467,-0.464561000331
1470066251581354627,-0.0108808362857,0.0115785058588,0.304213285446,-0.525526538028,0.0277527056157,0.7335090904,-0.430134931689
1470066251658726981,-0.0108642540872,0.0116541162133,0.304059624672,-0.533380053916,0.0275439522198,0.732538512114,-0.422059684228
1470066251744608230,-0.0108950175345,0.01198727265,0.30418908596,-0.526913299843,0.0260335771304,0.732370882189,-0.430485212558
1470066251824926879,-0.0108820684254,0.0120516847819,0.304200947285,-0.524702181084,0.0270450588098,0.733249721099,-0.431626033121
1470066251903550811,-0.0109287397936,0.0119317118078,0.304180562496,-0.494035354968,0.0224441708952,0.732802046991,-0.467361195607
1470066251977685409,-0.0109511101618,0.0117423338816,0.304040938616,-0.477481593251,0.0195597323067,0.731406947397,-0.486490105017
1470066252052927888,-0.010823706165,0.0115508595482,0.30395630002,-0.529327185118,0.0285414824006,0.733808896096,-0.42487953456
1470066252133685463,-0.0108360107988,0.0111360708252,0.303865790367,-0.521836613228,0.0274554913753,0.733715448997,-0.434274550246
1470066252210414765,-0.0109935225919,0.0106590623036,0.30380949378,-0.433942531476,0.0152601229229,0.730408991664,-0.527222640752
1470066252285688932,-0.0109597267583,0.0106401722878,0.303682506084,-0.434878277287,0.0152216860777,0.73022685041,-0.526704785584
1470066252358082652,-0.0109063815325,0.0105933304876,0.303519636393,-0.467425401189,0.0172334368625,0.729873636764,-0.498498723503
1470066252437321133,-0.010913788341,0.0105503806844,0.303465873003,-0.466097946619,0.0153265937043,0.72788047569,-0.502700519984
1470066252518503967,-0.0108139365911,0.0105125820264,0.303405076265,-0.528342461665,0.0218311772123,0.728608942946,-0.435323616593
1470066252598140463,-0.0107303597033,0.0104439621791,0.303418666124,-0.563863794645,0.0280159861659,0.729474496638,-0.386186074792
1470066252677634943,-0.0107535561547,0.0104778241366,0.303437829018,-0.553823992207,0.0266795463616,0.729662509561,-0.400199712148
1470066252753530990,-0.0109126185998,0.0105797545984,0.303502559662,-0.472272460495,0.0169884245652,0.729364801785,-0.494668679427
1470066252826854821,-0.0107123795897,0.0109016140923,0.303380012512,-0.575488976544,0.0306454882267,0.729949977314,-0.367486493014
1470066252899229511,-0.0109361838549,0.0110949445516,0.303573191166,-0.474601786516,0.0162783514717,0.728290365648,-0.494045850922
1470066252980371029,-0.0109210787341,0.0115627814084,0.303475737572,-0.488783697753,0.0159503639139,0.726799454196,-0.482284808057
1470066253056039569,-0.0107573159039,0.0117674367502,0.303292870522,-0.586762624207,0.0288960811194,0.727669415376,-0.354078891287
1470066253137341032,-0.0108793005347,0.0119594857097,0.303285896778,-0.569397963548,0.0206402206681,0.724432006261,-0.388018309753
1470066253208605781,-0.0107252541929,0.0124231502414,0.303188353777,-0.594184169849,0.0301414598827,0.727551432979,-0.341621979778
1470066253280996448,-0.0108711952344,0.0126228034496,0.303354859352,-0.573011500586,0.0222904764469,0.72510390884,-0.381294212179
1470066253355099377,-0.0109204435721,0.0130284419283,0.303326934576,-0.558718443803,0.0180582223357,0.723645487577,-0.404777481425
1470066253433683146,-0.0109246727079,0.0135685075074,0.303406596184,-0.550381704057,0.0174668986251,0.723760248963,-0.415867754596
1470066253510259353,-0.0108545487747,0.0141591522843,0.303299725056,-0.573453965893,0.0209932800283,0.724067677088,-0.382669348383
1470066253586201413,-0.0107511365786,0.01424239669,0.303002417088,-0.598864863044,0.0268354991004,0.724961760518,-0.339221428547
1470066253662296433,-0.0107367895544,0.0142944576219,0.302939414978,-0.623243109381,0.0292106173592,0.72340447543,-0.29563614693
1470066253735809262,-0.0107408715412,0.0142605537549,0.302905797958,-0.616945982565,0.0282780633361,0.723685118597,-0.307990023949
1470066253809651086,-0.0107474047691,0.0138307614252,0.302832573652,-0.620682867383,0.0287071659823,0.723528439806,-0.300724580889
1470066253882078087,-0.0107594970614,0.0135886371136,0.302745431662,-0.640479723194,0.0288615621582,0.721322942044,-0.262003716936
1470066253956359727,-0.010908221826,0.0133832423016,0.302817165852,-0.6055935811,0.017801725319,0.719786322782,-0.338891077842
1470066254034816902,-0.0107617434114,0.0131909353659,0.302722394466,-0.631084351497,0.0291370374282,0.722468293111,-0.28093262501
1470066254109627434,-0.0107771707699,0.0130922896788,0.302761882544,-0.627425197863,0.0278292874635,0.722473271742,-0.289128904581
1470066254182044489,-0.010898610577,0.0129184415564,0.302907496691,-0.621218831145,0.0204947644541,0.719796521718,-0.30912796021
1470066254256852982,-0.0107954945415,0.0127616226673,0.302756935358,-0.624405703387,0.0272931621048,0.722402891889,-0.295815250911
1470066254335510531,-0.0107671199366,0.0125804273412,0.30274951458,-0.629084919485,0.0285205759578,0.722562759141,-0.285204838538
1470066254407947303,-0.010783540085,0.0120505429804,0.302817672491,-0.627288622852,0.0278978824125,0.722564598112,-0.289190410203
1470066254484104464,-0.0108205368742,0.0118451984599,0.302937924862,-0.613235197887,0.024182813521,0.722324976394,-0.318754469899
1470066254560189993,-0.0107260048389,0.0117372302338,0.302928239107,-0.607604560228,0.0299061157002,0.72557751019,-0.321651363032
1470066254635634830,-0.0108138723299,0.0115350382403,0.303111821413,-0.596938780222,0.0242937021132,0.723915243852,-0.344993664324
1470066254707726966,-0.0107359457761,0.0112078944221,0.30302760005,-0.584487417147,0.0279685758387,0.726954500515,-0.359345755705
1470066254786835560,-0.0108529571444,0.0109943784773,0.303218781948,-0.551131088351,0.0199040004813,0.725229756086,-0.412189465059
1470066254865340743,-0.0107097420841,0.0107248257846,0.302977055311,-0.60098361092,0.0303102358795,0.726559645904,-0.331679167192
1470066254938042444,-0.0107210017741,0.01028305199,0.302982389927,-0.598977505791,0.0289591968402,0.726183809806,-0.336220741256
1470066255015978593,-0.0108277471736,0.0099615463987,0.303180754185,-0.567036088536,0.0214626006429,0.724907738052,-0.390535788865
1470066255090694946,-0.0107240770012,0.00966895278543,0.302973270416,-0.584989530991,0.0288053714954,0.727416826012,-0.357522391522
1470066255165294875,-0.0108027057722,0.00946837477386,0.303137809038,-0.55578053237,0.022394266059,0.72656358739,-0.403375569619
1470066255239599188,-0.0107322447002,0.00906322803348,0.303078740835,-0.573801835984,0.0273244022636,0.727782050567,-0.374617293961
1470066255318158687,-0.0108488732949,0.0088472366333,0.303130805492,-0.534823523315,0.018657345225,0.725648621334,-0.432492521016
1470066255394229971,-0.0107231074944,0.00861794874072,0.303032636642,-0.568828213213,0.0279317158359,0.728557374682,-0.380602725817
1470066255470461156,-0.0108632445335,0.00838966947049,0.303186953068,-0.500874632928,0.0174522664278,0.727188766003,-0.469059185056
1470066255550659358,-0.0107413390651,0.00822398718446,0.302951872349,-0.577563343635,0.0263945503347,0.726852149351,-0.370688366133
1470066255624764678,-0.0107510564849,0.00799471046776,0.303111761808,-0.555100218468,0.0252751859181,0.72847169141,-0.400691785851
1470066255703308054,-0.0108231566846,0.00733259692788,0.303113281727,-0.505128866351,0.0191573626687,0.728370296132,-0.462552197646
1470066255776856434,-0.0107671236619,0.00592984445393,0.303160786629,-0.51706613534,0.0226981269377,0.73026470069,-0.445915769674
1470066255849455791,-0.010654383339,0.00545671628788,0.302800893784,-0.543705147425,0.0279581934893,0.731613214813,-0.410298861796
1470066255922654591,-0.0105864666402,0.00506855128333,0.302348911762,-0.55492992555,0.0305092634773,0.732153661287,-0.393793066007
1470066255994476999,-0.010752433911,0.00458571547642,0.302146971226,-0.50494297663,0.0184159504079,0.728114365901,-0.463187773253
1470066256078403927,-0.0107185859233,0.00444844644517,0.301488995552,-0.553040915254,0.0213893207653,0.726653090013,-0.40701784947
1470066256150993151,-0.0106977559626,0.00442339293659,0.300399512053,-0.514892500922,0.0281764020584,0.735245454422,-0.439893083162
1470066256227969309,-0.0106558660045,0.00430360529572,0.300077468157,-0.519285848693,0.0299648208749,0.73597776058,-0.433337112176
1470066256306610448,-0.0106894839555,0.00407964223996,0.300014317036,-0.502687784153,0.0262183786615,0.735123229453,-0.454105082335
1470066256381300864,-0.0107375299558,0.00380584574305,0.29975861311,-0.476634985561,0.0208998759609,0.732927171734,-0.484974274223
1470066256461223727,-0.0105611952022,0.00367158907466,0.299584418535,-0.550625442907,0.0314310352786,0.733441869289,-0.397349639511
1470066256539151765,-0.010642144829,0.00371809140779,0.299611181021,-0.530658334788,0.0263478987778,0.732188391161,-0.426154525728
1470066256613927781,-0.0105442721397,0.00366345606744,0.299511313438,-0.543676574391,0.0320909943028,0.734805909793,-0.404284832113
1470066256690653456,-0.0107864057645,0.00388563540764,0.299934566021,-0.438815722408,0.0172669042257,0.732651548529,-0.519965695238
1470066256767076568,-0.0105870477855,0.00416260492057,0.299753367901,-0.540057128242,0.030502749581,0.73401070678,-0.410653336568
1470066256843082456,-0.0107231922448,0.004281910602,0.299658834934,-0.489109958658,0.0209874769668,0.731852002368,-0.474050230231
1470066256916275946,-0.0107856197283,0.00438528461382,0.299846708775,-0.438034659689,0.0174756936052,0.732993772397,-0.520134950442
1470066256995163066,-0.0107152611017,0.0047783437185,0.299657195807,-0.500271102449,0.0217671284921,0.731473700838,-0.462818799482
1470066257073550754,-0.0106891868636,0.00499126408249,0.299820542336,-0.50334826758,0.0240572932117,0.733192171065,-0.456608156362
1470066257148205657,-0.0106292068958,0.00522119645029,0.299623906612,-0.549734890484,0.0282290416397,0.731402670935,-0.402547890743
1470066257228279076,-0.0107215326279,0.0054899007082,0.29984870553,-0.490777786278,0.0225943767971,0.73332221734,-0.469962960444
1470066257309231897,-0.0105777746066,0.00573116913438,0.299605578184,-0.553490283927,0.0314830344153,0.733289070294,-0.393629855994
1470066257389038945,-0.0105784665793,0.00616759154946,0.29960000515,-0.555210473042,0.0316381899863,0.733135953928,-0.391474173626
1470066257468872112,-0.0107782036066,0.00633828435093,0.299677938223,-0.471554997857,0.0182041929762,0.730897649249,-0.493044742063
1470066257548305331,-0.0106724826619,0.00658127944916,0.299854815006,-0.527099272784,0.026693314828,0.732922168584,-0.42927720458
1470066257622804287,-0.0106761343777,0.00709976628423,0.299895018339,-0.537624280679,0.0273482516697,0.732160077654,-0.417317417136
1470066257696576031,-0.0106121907011,0.00726731307805,0.299690544605,-0.555449117131,0.0312753284297,0.732868561848,-0.391665422477
1470066257774746168,-0.0108380140737,0.00743854604661,0.299938619137,-0.455681734312,0.0171826405913,0.731010421045,-0.507624544521
1470066257861270889,-0.0107632875443,0.00805610045791,0.299979507923,-0.498366334552,0.0219650335538,0.731858396099,-0.464254048927
1470066257936380756,-0.0106435669586,0.00820312649012,0.299820005894,-0.550109129924,0.0298486944598,0.732543420798,-0.399836388113
1470066258014213607,-0.010835070163,0.00842501688749,0.299876660109,-0.469722562004,0.0174890566798,0.73026574757,-0.495748712118
1470066258094635849,-0.0106737380847,0.00866494327784,0.299859315157,-0.547457273294,0.0287743927072,0.732168396956,-0.404217771431
1470066258168249346,-0.010663093999,0.00881155207753,0.299835711718,-0.559087242348,0.0306654391508,0.731999778496,-0.388146120124
1470066258244984731,-0.0106999641284,0.00912638474256,0.299852818251,-0.562775563949,0.0286770407811,0.73038566675,-0.386002681028
1470066258330421426,-0.0107828881592,0.00954385846853,0.29992172122,-0.547793388951,0.0241786838658,0.729045482269,-0.409671184063
1470066258409629471,-0.0108695458621,0.00989132933319,0.299825638533,-0.532742631883,0.0184978960869,0.726098629837,-0.434308526008
1470066258486180624,-0.0108397565782,0.0104065081105,0.299883544445,-0.518925185461,0.019509177195,0.727961612368,-0.447669448163
1470066258562760498,-0.0106578804553,0.0108185419813,0.299751758575,-0.57824357187,0.0313242334631,0.730340919656,-0.362291740266
1470066258641609880,-0.0107514942065,0.0111222798005,0.299888134003,-0.536939116552,0.0242167780083,0.729961933851,-0.422215001992
1470066258715105032,-0.0108196148649,0.0114449672401,0.299674600363,-0.523942191169,0.0188887792258,0.72726869758,-0.442953762657
1470066258788358734,-0.0107971075922,0.0118239764124,0.299441218376,-0.572893814115,0.0213521690816,0.724971001358,-0.381777172986
1470066258862171980,-0.0106918076053,0.0122133642435,0.299216002226,-0.616584103003,0.0305132760412,0.725320319803,-0.304636533578
1470066258941067366,-0.0107787884772,0.0129153979942,0.299237281084,-0.595737075761,0.0232030855145,0.723899561609,-0.347171971921
1470066259015818035,-0.0108047481626,0.0131907416508,0.298813939095,-0.610499726527,0.0206913173484,0.720960837696,-0.327226869016
1470066259090536423,-0.0107787754387,0.0134409768507,0.297810614109,-0.563764577563,0.0259541336218,0.728181129771,-0.388906320697
1470066259161161450,-0.0107568204403,0.0135415010154,0.297510653734,-0.56563622702,0.0266013977126,0.728314872163,-0.385882717038
1470066259237937632,-0.0108815338463,0.0136352051049,0.297294855118,-0.475355561575,0.0159130221032,0.727934412712,-0.493857627861
1470066259317094842,-0.0107984533533,0.0137056047097,0.29718247056,-0.513438560106,0.0205258314025,0.72888307836,-0.452425677125
1470066259393536145,-0.0106658572331,0.0139397317544,0.296984821558,-0.567073764587,0.0277080686555,0.729045759733,-0.382298167226
1470066259474122620,-0.0108062913641,0.0140875810757,0.296980917454,-0.499305155365,0.0176183307884,0.727874115251,-0.469662888244
1470066259548071132,-0.0106859561056,0.0141463559121,0.296679526567,-0.544316984872,0.0239762540699,0.728969683617,-0.414424130073
1470066259628288928,-0.0107142347842,0.0139945801347,0.296671181917,-0.530871152527,0.0215620268575,0.728266966395,-0.432825743309
1470066259706232219,-0.0106151131913,0.0139020336792,0.296516925097,-0.55856100134,0.0273432591366,0.729711657855,-0.393424516716
1470066259781689498,-0.0107494592667,0.0140218660235,0.296643078327,-0.520248353366,0.0192811097484,0.727547128585,-0.446816590241
1470066259855265589,-0.0106692388654,0.0139428125694,0.296604275703,-0.555445049421,0.0250295896759,0.728455732735,-0.400258119418
1470066259933796158,-0.010621140711,0.0137617541477,0.296588599682,-0.56776302244,0.0284954281968,0.729414539372,-0.380509645967
1470066260011298792,-0.0107016861439,0.013610673137,0.296730428934,-0.548007135157,0.0233916752066,0.728169842797,-0.410986239902
1470066260084437424,-0.0107323378325,0.0135475518182,0.296648979187,-0.531924058415,0.0211796001521,0.727871364759,-0.432216955915
1470066260157953332,-0.0107907885686,0.0134509960189,0.296679526567,-0.508486472756,0.0175490377987,0.726792017421,-0.46141835866
1470066260231169369,-0.0107700899243,0.0133948745206,0.296632349491,-0.528775052759,0.0194643972119,0.726584007168,-0.438285022957
1470066260306946636,-0.010642289184,0.0133009310812,0.296622097492,-0.571405304689,0.0279746421191,0.728571650834,-0.376691845906
1470066260383092942,-0.0106411986053,0.0132009563968,0.296660453081,-0.576626909298,0.0278399643208,0.728047274595,-0.369693805486
1470066260457070361,-0.0106389811262,0.0131371580064,0.296588480473,-0.571826268886,0.0272046163217,0.72828034816,-0.376672751266
1470066260529679682,-0.0107059869915,0.0130574228242,0.296661883593,-0.551685899513,0.0230712904435,0.727571439468,-0.407124286067
1470066260602808270,-0.0107288137078,0.0128968115896,0.296608000994,-0.537934948924,0.0219294171242,0.727735396366,-0.424907383164
1470066260680174085,-0.0106284841895,0.0127788232639,0.296581029892,-0.575838933984,0.0285870563691,0.728536480558,-0.369901201421
1470066260757711841,-0.0106362272054,0.0126626379788,0.296590209007,-0.569801144949,0.0273777884649,0.72860809698,-0.379087526739
1470066260831585354,-0.0107029723004,0.012550518848,0.296684473753,-0.554790643984,0.0233953841556,0.727483483742,-0.403023297379
1470066260914003114,-0.0107831144705,0.0124553395435,0.29664477706,-0.511340351951,0.0180999134786,0.727168638273,-0.457634361811
1470066260999662026,-0.0107685998082,0.0123647656292,0.296628624201,-0.519215352372,0.019292383518,0.727161933,-0.448640997898
1470066261078854142,-0.0106276227161,0.0122848069295,0.296529769897,-0.565133095561,0.0276695140603,0.729123914888,-0.385015972437
1470066261153839552,-0.0106108952314,0.0121698267758,0.296508342028,-0.571712118988,0.0283682370997,0.729004547335,-0.37535698487
1470066261226556493,-0.0106731522828,0.0120336096734,0.296540230513,-0.560914164742,0.0246779325565,0.727767715712,-0.393853337429
1470066261306031338,-0.0107714012265,0.0119445174932,0.296582818031,-0.511618419602,0.0183684076254,0.727282298994,-0.457131985203
1470066261384708048,-0.0106312232092,0.0117799919099,0.296514332294,-0.571417108616,0.027640319337,0.728394091158,-0.377041839447
1470066261459308768,-0.0106082484126,0.0116896377876,0.296516358852,-0.575715178482,0.0287699070162,0.728757892908,-0.369643421746
1470066261547737141,-0.0106284180656,0.0116013567895,0.296533972025,-0.567391730182,0.0271407918054,0.72876243726,-0.382407259318
1470066261630652629,-0.0107754785568,0.0114590516314,0.296619027853,-0.493230340332,0.0177592854507,0.728258618328,-0.475444869557
1470066261710899755,-0.010811412707,0.0113918622956,0.296558111906,-0.468596875752,0.01510098419,0.727419346705,-0.501048922113
1470066261787265269,-0.0107227042317,0.0113280788064,0.296542525291,-0.543570525045,0.0218049543147,0.727135912784,-0.41872305001
1470066261862565194,-0.0105966553092,0.0112351411954,0.296489864588,-0.575257201245,0.0297169340702,0.729389839348,-0.369034576293
1470066261936934108,-0.0106140403077,0.0111297694966,0.296550750732,-0.577442665526,0.0286005144251,0.72850718987,-0.367449660377
1470066262014523846,-0.0106169646606,0.0111329527572,0.29657804966,-0.577992002039,0.0285790893318,0.728367277052,-0.366864540329
1470066262090309710,-0.0106055280194,0.0111153423786,0.296496629715,-0.578675542339,0.0286402908139,0.728357440377,-0.365800204331
1470066262163389691,-0.0106298867613,0.0110900858417,0.296500325203,-0.558103372387,0.0268304519972,0.729549370751,-0.394409011322
1470066262234602315,-0.0107426401228,0.0109520424157,0.296578168869,-0.523292472123,0.0201959293243,0.727827236129,-0.44274668537
1470066262307755341,-0.0107415486127,0.0108309239149,0.296557307243,-0.525605692508,0.0204830266778,0.727599849787,-0.440360716017
1470066262384090844,-0.0106409573928,0.0107827512547,0.296530693769,-0.560411663314,0.0270666914749,0.729178710747,-0.391796592159
1470066262463563715,-0.010620078072,0.0107337962836,0.296510726213,-0.57702938942,0.0294059275287,0.728964825489,-0.367127577786
1470066262543680105,-0.0106173232198,0.0106913382187,0.296600013971,-0.58128896281,0.0297772739764,0.728662606321,-0.360925562713
1470066262620975890,-0.0106250112876,0.0106652975082,0.29652133584,-0.574379676299,0.0288705072069,0.728944460818,-0.371341425525
1470066262699139578,-0.0106082893908,0.0107413409278,0.296469211578,-0.575803157638,0.0291228494235,0.728865812062,-0.369265773262
1470066262773782644,-0.0106279961765,0.0107832103968,0.296455264091,-0.567384879906,0.0274834382992,0.72874189024,-0.3824321065
1470066262847021123,-0.0106363147497,0.0107655711472,0.296534657478,-0.570216778212,0.0273221170554,0.728274439083,-0.379107727623
1470066262920640748,-0.0106344865635,0.0105740856379,0.296504080296,-0.554671063423,0.0264243385055,0.729560519646,-0.399228272935
1470066262997309798,-0.0106167392805,0.0101894857362,0.2966388762,-0.573584025954,0.0295418623514,0.729388051849,-0.371647296988
1470066263072725119,-0.010664684698,0.00934206880629,0.296925038099,-0.555019917958,0.0281985657432,0.730386996975,-0.397105233168
1470066263146945685,-0.0108506688848,0.00904878135771,0.297253251076,-0.467165949999,0.016842499584,0.729508401767,-0.499289292015
1470066263224072477,-0.0107239848003,0.00871891062707,0.297144383192,-0.529764073247,0.0253237725488,0.730980635259,-0.429390316749
1470066263307681730,-0.010828724131,0.00846543349326,0.297030508518,-0.476659348862,0.0166781445426,0.728664757924,-0.491493006254
1470066263386313433,-0.0105771068484,0.00817561801523,0.296487957239,-0.56553721982,0.030095469645,0.730756316451,-0.381126123051
1470066263464444461,-0.0105766961351,0.00806445721537,0.29633936286,-0.553276865551,0.0283118402156,0.73107014122,-0.398270760121
1470066263543713601,-0.0105513222516,0.00798132456839,0.296078532934,-0.563295925057,0.0281431661679,0.729709765931,-0.3865608885
1470066263618390071,-0.010527539067,0.00786429643631,0.295561611652,-0.585449890984,0.0281306986773,0.727284560156,-0.357091385358
1470066263697271222,-0.010459125042,0.0078369025141,0.295205384493,-0.610321021523,0.030521826918,0.725720210122,-0.316080441326
1470066263769803377,-0.0104987174273,0.0077776638791,0.294828861952,-0.629999024027,0.0298279126229,0.72291002333,-0.28215709015
1470066263842467811,-0.010577856563,0.00774140097201,0.293775349855,-0.555133736749,0.0282237636554,0.730470414851,-0.396790784312
1470066263929352143,-0.0106547940522,0.00755630107597,0.293611943722,-0.498011254955,0.0210224346186,0.730531523089,-0.466761760382
1470066264009097743,-0.0105761066079,0.00752761261538,0.293324768543,-0.533444095171,0.0247600426289,0.730508886327,-0.425653737929
1470066264088836231,-0.0104901865125,0.00752009358257,0.293007910252,-0.559464204636,0.0279896288653,0.730072573584,-0.391421028699
1470066264163498575,-0.0104194739833,0.00759007269517,0.292670965195,-0.569716567313,0.0309446063637,0.730847948184,-0.374602110114
1470066264238286489,-0.0106118340045,0.00769898341969,0.292530179024,-0.500014386592,0.0173442333113,0.727581305147,-0.46937217128
1470066264310928679,-0.0104475328699,0.00779016269371,0.29208791256,-0.590108177204,0.0278305052295,0.726727930825,-0.350520066094
1470066264391626980,-0.0103843137622,0.00777426781133,0.291758924723,-0.606911577037,0.030057578179,0.725983634428,-0.322028946207
1470066264479052429,-0.0105159720406,0.00788435898721,0.291138768196,-0.574379857647,0.0248957149759,0.726628871061,-0.376136233625
1470066264559597342,-0.0106830000877,0.0080099478364,0.290606558323,-0.458958410022,0.0168688402618,0.730195614536,-0.50585273016
1470066264637206053,-0.0106654474512,0.00798327103257,0.290503650904,-0.458561867441,0.0162068380731,0.729167956132,-0.507712954216
1470066264711663687,-0.0106165362522,0.00791298877448,0.290232688189,-0.479638320909,0.0170910852746,0.728326735597,-0.489075804078
1470066264786625835,-0.0103896418586,0.00763909472153,0.289705872536,-0.567988888756,0.0291749893411,0.72976921825,-0.379439494967
1470066264861219420,-0.0103739583865,0.00753039540723,0.289454609156,-0.559672969593,0.0285081210875,0.730195553369,-0.390855354291
1470066264933157329,-0.0103198019788,0.00749459909275,0.289052605629,-0.580607227298,0.0298753423078,0.728842125408,-0.361651583381
1470066265006975739,-0.0104833748192,0.00754141900688,0.288925409317,-0.542513017782,0.0189273046627,0.725547345447,-0.422968594803
1470066265085901722,-0.010478137061,0.00753122661263,0.28877800703,-0.553140153635,0.0189842845696,0.724840603388,-0.410221485366
1470066265165360782,-0.0105001032352,0.00748486723751,0.28853598237,-0.562331718374,0.0188757094987,0.724154271492,-0.398782318041
1470066265241315710,-0.0104052117094,0.00714887538925,0.288089185953,-0.568359309497,0.0262926507832,0.728201393867,-0.382098314303
1470066265319218992,-0.0105930287391,0.00705358013511,0.287504851818,-0.474624872294,0.0193324590236,0.731627894973,-0.488956143151
1470066265397346770,-0.0106056593359,0.00694751320407,0.287248194218,-0.450328793034,0.0164987930007,0.730728067792,-0.512804308617
1470066265473166692,-0.0105453757569,0.00696582347155,0.287119537592,-0.479649896002,0.0193727265521,0.731305104909,-0.484513692547
1470066265551236764,-0.0104717006907,0.0075118006207,0.287047356367,-0.52147826636,0.0235337992052,0.730916371195,-0.439622379241
1470066265628290327,-0.010515502654,0.00823854655027,0.286741405725,-0.506923310513,0.018690047451,0.728181868876,-0.460901947517
1470066265701159893,-0.0104380231351,0.00888423994184,0.286762595177,-0.538589407061,0.0231609940199,0.728792396926,-0.422192682481
1470066265773527555,-0.0105058345944,0.00964825227857,0.286510080099,-0.511291022762,0.0170694276597,0.726381604597,-0.458977002895
1470066265847363811,-0.0103381434456,0.00976758915931,0.286220729351,-0.609152773975,0.0273483865749,0.724055832018,-0.322378838995
1470066265924915882,-0.010438839905,0.0100089805201,0.28600525856,-0.631418402833,0.0226179144821,0.719696028518,-0.287813927813
1470066265998803630,-0.0104396110401,0.0100297555327,0.285305291414,-0.6056406368,0.0246842011328,0.72323459129,-0.330940833433
1470066266085941231,-0.0105131315067,0.0100448457524,0.28486558795,-0.540776490798,0.0222451458246,0.727681994005,-0.421360719679
1470066266158361909,-0.0105195278302,0.00998645368963,0.284522354603,-0.530617416843,0.0218448339632,0.728241787846,-0.433164932337
1470066266233707664,-0.0104655344039,0.00995935872197,0.284298986197,-0.540200853528,0.0233288134166,0.728715637065,-0.420252691376
1470066266311477816,-0.0103809852153,0.00994079187512,0.283952385187,-0.561206863629,0.0262331572351,0.728717591279,-0.391572917651
1470066266397371856,-0.0103271165863,0.0100197289139,0.28374055028,-0.560574362335,0.0281830206965,0.730126976238,-0.389713613063
1470066266477782709,-0.0105308908969,0.0101862847805,0.283792316914,-0.475603987301,0.0155864343571,0.72769496032,-0.493981735545
1470066266554247986,-0.0104620726779,0.0102939503267,0.283859908581,-0.511303689513,0.0198415616066,0.728707330878,-0.455148849772
1470066266628846248,-0.0104486141354,0.0103165265173,0.283867508173,-0.520247700554,0.0209235098614,0.728889218074,-0.444550384746
1470066266708044713,-0.0103771919385,0.0103385383263,0.283709257841,-0.555142510021,0.024683833988,0.728381193946,-0.400834552171
1470066266790396736,-0.0104630207643,0.0102039687335,0.283651351929,-0.535516092579,0.0197618124095,0.726491806282,-0.430164667034
1470066266866815184,-0.010480853729,0.0100550660864,0.28353753686,-0.552215606091,0.019029624264,0.724770348955,-0.411586854826
1470066266953000631,-0.0103716235608,0.00969705171883,0.283310323954,-0.585805713905,0.0246773447877,0.725121605372,-0.361138964435
1470066267033456143,-0.0103507349268,0.00940332189202,0.282964348793,-0.610987105846,0.0257004221739,0.72349129226,-0.320303910083
1470066267114320238,-0.0103077348322,0.0092165376991,0.282631158829,-0.625348819192,0.0283368125801,0.72289404785,-0.292506538338
1470066267189009335,-0.0103231491521,0.0091868173331,0.282250732183,-0.608118550141,0.0281592606279,0.724795980265,-0.322598313708
1470066267264700492,-0.0103894565254,0.00921633001417,0.281688779593,-0.564974093692,0.0261332640125,0.727991053933,-0.38749238878
1470066267341722094,-0.0103726638481,0.00921737961471,0.281476736069,-0.562375091504,0.0268048244476,0.728785027221,-0.389728292455
1470066267418597790,-0.0103791868314,0.00921991188079,0.281238168478,-0.553101531512,0.0238162744501,0.727756495738,-0.404823373611
1470066267491452030,-0.0104452772066,0.00929134339094,0.281127482653,-0.51880154047,0.0188287698132,0.72704819697,-0.449323222543
1470066267571090077,-0.0103071853518,0.00936847645789,0.280823290348,-0.563408229689,0.0258874316714,0.728199268268,-0.389392903497
1470066267650410487,-0.0102444412187,0.00942598190159,0.280479818583,-0.581952299083,0.0281389836531,0.727653202547,-0.362022839079
1470066267729010217,-0.0102381398901,0.00937414634973,0.280268281698,-0.603465462536,0.0285823110551,0.725594285649,-0.329431965137
1470066267803531610,-0.0102073661983,0.00931179430336,0.28000447154,-0.612311562241,0.0294557356605,0.72513026409,-0.313676601747
1470066267891684867,-0.0102460393682,0.00923566427082,0.279627293348,-0.607913342678,0.0279209805668,0.724869146453,-0.322841303366
1470066267973676543,-0.0103019876406,0.00926233269274,0.278980344534,-0.56195278946,0.0268006127287,0.72910265297,-0.389743647808
1470066268052829345,-0.0103460168466,0.00924784038216,0.278596371412,-0.530723701692,0.0261581497575,0.731740051036,-0.426854309306
1470066268128781303,-0.0102943023667,0.0091378511861,0.27842566371,-0.549986009928,0.0268054828296,0.730256648159,-0.404378637904
1470066268205461272,-0.0102516710758,0.00907284859568,0.278160810471,-0.570248425091,0.0275378260643,0.728509608242,-0.37859233024
1470066268285168776,-0.0102250287309,0.00900300312787,0.277825176716,-0.581185428792,0.0262343516581,0.726433328192,-0.365827658667
1470066268362330210,-0.0102910809219,0.00901169236749,0.277645736933,-0.555012152164,0.0210627772145,0.725669654735,-0.406105186575
1470066268439672414,-0.0103544825688,0.00901476852596,0.277517139912,-0.545446277797,0.0171276259666,0.723825047902,-0.422223048277
1470066268519576160,-0.0101825781167,0.00919424090534,0.277168095112,-0.625954223598,0.0286952115507,0.723085965312,-0.290696717496
1470066268596996210,-0.0102068586275,0.00907718390226,0.276866257191,-0.617812326042,0.027073056339,0.723318298827,-0.307222424301
1470066268674667221,-0.0103057250381,0.00897854194045,0.276344805956,-0.563788829263,0.0228118785483,0.726196073678,-0.392760788228
1470066268750352508,-0.0104028731585,0.00893181376159,0.275841057301,-0.501151453609,0.0197089109761,0.729475080105,-0.465107392845
1470066268829352464,-0.0104173161089,0.00881430972368,0.275489449501,-0.452984341982,0.0156087189128,0.729593508518,-0.512108256271
1470066268906047346,-0.0103768035769,0.00871226750314,0.275212436914,-0.469116409693,0.0162009143363,0.728715325275,-0.498639448139
1470066268978240072,-0.01033799164,0.00863154511899,0.274930179119,-0.489425069147,0.0165264461466,0.727570607882,-0.480448736927
1470066269050238336,-0.0102850459516,0.00856660399586,0.274664193392,-0.52696455089,0.0178666981745,0.725956503542,-0.44156120546
1470066269127284465,-0.0102512957528,0.00847791228443,0.27436247468,-0.577504993602,0.0194017222201,0.722858903314,-0.378928174513
1470066269204382976,-0.0102424621582,0.00849046651274,0.273632526398,-0.575159471236,0.0227532600937,0.725103848633,-0.378018889079
1470066269278363667,-0.0102854212746,0.00850071478635,0.273025482893,-0.534593104807,0.0225513195952,0.728428385972,-0.427894539329
1470066269352219746,-0.0102900341153,0.00843160413206,0.272896915674,-0.532875966172,0.0217188354948,0.727948141669,-0.430886295792
1470066269429157989,-0.0102903777733,0.00841917376965,0.272845804691,-0.525132585898,0.0212373145173,0.728384939299,-0.439590859667
1470066269506595404,-0.0103100435808,0.00832503568381,0.272775292397,-0.516962243293,0.0196837155871,0.728036234695,-0.449806437617
1470066269580432885,-0.0102062905207,0.00811526365578,0.272798657417,-0.556630878553,0.0265148832032,0.729242222539,-0.397070279517
1470066269660439088,-0.0101927500218,0.00812357198447,0.27279394865,-0.560408607097,0.0270433614526,0.729318119143,-0.391543012685
1470066269733738757,-0.010240460746,0.00853772833943,0.272944569588,-0.548815692068,0.0248825520509,0.728950887713,-0.408427224908
1470066269815386865,-0.0102983014658,0.00934803579003,0.272879689932,-0.519774116155,0.02022950133,0.72822669402,-0.446219136263
1470066269888502174,-0.0101950941607,0.00999776832759,0.272623181343,-0.564982832079,0.0252329138861,0.727679773596,-0.388123494023
1470066269963037737,-0.0102082397789,0.0106433043256,0.272382378578,-0.558149953431,0.0228917005405,0.726727627942,-0.399764373497
1470066270042933424,-0.0101889679208,0.010957733728,0.271927833557,-0.571719737181,0.0223497508592,0.725228219763,-0.382989634342
1470066270118893552,-0.010101750493,0.011116951704,0.271713644266,-0.61157172156,0.0272246242618,0.724047747264,-0.317795073757
1470066270193815106,-0.0101354960352,0.0112618356943,0.271195650101,-0.624118700685,0.0254276103025,0.721859361461,-0.297906606777
1470066270271600073,-0.0102154780179,0.0114486608654,0.270408183336,-0.564487900319,0.0249408701771,0.727400105353,-0.389384707096
1470066270345090917,-0.0102879954502,0.0115268472582,0.269999712706,-0.521909129476,0.0180295202793,0.725940535748,-0.447544562614
1470066270431126958,-0.0102242110297,0.0115085570142,0.269852042198,-0.553923550625,0.0202735532313,0.72501079708,-0.408799495131
1470066270510397043,-0.0101283099502,0.011535785161,0.269548922777,-0.570025716459,0.0239129448607,0.726145898782,-0.383680840446
1470066270586013486,-0.0101332189515,0.0116137554869,0.26919478178,-0.590216276284,0.0230003722753,0.723795907564,-0.356700454552
1470066270661922953,-0.0101769454777,0.0116496961564,0.26884996891,-0.58425346001,0.019112546053,0.722179093178,-0.369783669766
1470066270738668585,-0.0101161552593,0.0116677824408,0.268601566553,-0.60873146863,0.0229509305178,0.72217321717,-0.327696655904
1470066270816311294,-0.0102059068158,0.0121183525771,0.268048733473,-0.576000940091,0.0219844994571,0.724575996019,-0.377795215416
1470066270890260443,-0.0101538971066,0.0123561471701,0.267763495445,-0.560688060155,0.0257888812926,0.728550023255,-0.392655951714
1470066270967435854,-0.0101380096748,0.0124582629651,0.267849385738,-0.583110357081,0.0251942129443,0.725901191235,-0.363888751768
1470066271040990511,-0.010152422823,0.0120554054156,0.267726242542,-0.573471855864,0.0271684133053,0.727926262152,-0.374853657737
1470066271114428890,-0.0102145234123,0.011345313862,0.267737060785,-0.547775559117,0.024103030283,0.728247090847,-0.411116960777
1470066271188142323,-0.0101941823959,0.0110084591433,0.267724961042,-0.548397668181,0.025019602171,0.729074475444,-0.40875961921
1470066271265159015,-0.0102089894935,0.0108421565965,0.267728209496,-0.551860217967,0.02408159648,0.727974346507,-0.406108024255
1470066271341803119,-0.0101761501282,0.010940826498,0.267644137144,-0.552084133342,0.0249153967149,0.728582228251,-0.404660684271
1470066271413473632,-0.0101776877418,0.01088230405,0.267663866282,-0.552859236767,0.0250407684853,0.728615078853,-0.403534002412
1470066271489240405,-0.0101818563417,0.0108796758577,0.267634242773,-0.543283276517,0.0243355444692,0.729029888815,-0.415651878315
1470066271567284780,-0.0101871583611,0.0108257746324,0.267632633448,-0.549872620329,0.0242910375016,0.728377166343,-0.408064640051
1470066271644538787,-0.0102024460211,0.0107534117997,0.267582088709,-0.542824206719,0.0231383324796,0.728394322718,-0.417430483796
1470066271716929051,-0.010252260603,0.0106826899573,0.267609417439,-0.519528729881,0.0199458838887,0.728006521857,-0.446876453484
1470066271792709537,-0.0101899318397,0.0105009153485,0.267626225948,-0.543312894627,0.0242984544177,0.728980472355,-0.415702002124
1470066271875900077,-0.0102124577388,0.0102847628295,0.267605364323,-0.540107112184,0.0226676473562,0.728255894942,-0.42120521912
1470066271952147533,-0.0101607991382,0.0100223142654,0.267525106668,-0.546559365397,0.0248063929958,0.729131794481,-0.411125685454
1470066272025840615,-0.0102393869311,0.0101521490142,0.267433851957,-0.519388976281,0.0190898823409,0.727463911956,-0.447958619196
1470066272105360704,-0.0101778227836,0.0101724807173,0.267236858606,-0.530468962875,0.0211295250115,0.727906308197,-0.433945421782
1470066272180654921,-0.010052244179,0.00986351072788,0.266873657703,-0.563128488403,0.0248943225389,0.727557377762,-0.39105861494
1470066272254466033,-0.0100105078891,0.00970284920186,0.266635805368,-0.572018075839,0.0250663752911,0.726532717658,-0.379891047426
1470066272338664436,-0.00998905673623,0.00957908853889,0.26633900404,-0.595791143287,0.0256714651683,0.724699101794,-0.345231952919
1470066272416467674,-0.00994858704507,0.00945948809385,0.265861421824,-0.615043832558,0.0269557618425,0.72351733436,-0.312277341184
1470066272490898572,-0.00994875188917,0.00942808482796,0.265363574028,-0.606641564767,0.027035148694,0.724527352173,-0.32606016099
1470066272564314719,-0.0100600998849,0.00941573362797,0.264649122953,-0.539552951783,0.0247073170125,0.729703082865,-0.419291749938
1470066272640893977,-0.00991717074066,0.00912905950099,0.26276704669,-0.589265630417,0.0192310484018,0.721637956605,-0.362815163925
1470066272719046059,-0.0099649624899,0.0091780712828,0.260712236166,-0.507972018012,0.0156827088262,0.725321060357,-0.464357449561
1470066272791902243,-0.00995696149766,0.00920009147376,0.260643333197,-0.52057494974,0.015615176434,0.724417801561,-0.45163783804
1470066272865806995,-0.0098017314449,0.00924015324563,0.260261714458,-0.597701702695,0.023183055526,0.723082722336,-0.345494713695
1470066272951659633,-0.00979279540479,0.00935241859406,0.260421782732,-0.610232451407,0.0252177319407,0.723037550729,-0.322795789133
1470066273028873588,-0.00979882199317,0.00933994911611,0.260219544172,-0.625177883262,0.0243800101359,0.721074200951,-0.29767469847
1470066273103210255,-0.00982685480267,0.00933939684182,0.260010540485,-0.629840030155,0.0233368283774,0.720170356567,-0.290019975824
1470066273182852334,-0.0100240753964,0.00947155617177,0.259115070105,-0.483957163013,0.0158473253928,0.727029369618,-0.486788067191
1470066273261499669,-0.00999101996422,0.00947735644877,0.259071707726,-0.509824987943,0.0175733246319,0.726563447406,-0.460299051514
1470066273336004106,-0.00991678144783,0.00955810770392,0.258995145559,-0.535547746827,0.0213607573297,0.727485126861,-0.42836633751
1470066273414383573,-0.00991920754313,0.00952523294836,0.258934855461,-0.534645988182,0.0209466996988,0.727204539073,-0.429986582867
1470066273489695715,-0.00996800046414,0.00942841731012,0.258875072002,-0.509262732486,0.0176068172576,0.726638823151,-0.460800922283
1470066273569014603,-0.00990439672023,0.00933069176972,0.258882850409,-0.542135520595,0.0215920105225,0.727084517329,-0.420679173541
1470066273645139859,-0.00990749616176,0.00920505262911,0.259001940489,-0.556888268715,0.0231807363356,0.726696535428,-0.401559777651
1470066273724836672,-0.00991912186146,0.00911522749811,0.259056389332,-0.552916026331,0.0224738307483,0.726678813228,-0.407083157553
1470066273800534812,-0.00995674356818,0.00904414337128,0.259083926678,-0.543873385757,0.0204396861993,0.726130979397,-0.420140167389
1470066273874821084,-0.0100043704733,0.00898490473628,0.259067475796,-0.5252765223,0.0179961773756,0.725829366675,-0.443770710155
1470066273957454232,-0.00991267152131,0.00870518572628,0.259033560753,-0.568002656845,0.0238490557509,0.726122881206,-0.386716647879
1470066274035778389,-0.00993196107447,0.00860501732677,0.259006798267,-0.557739258183,0.0220464596725,0.726013972026,-0.401677216084
1470066274121880107,-0.00999505072832,0.00900792982429,0.259082466364,-0.515502617074,0.017612662842,0.726344356104,-0.454280444499
1470066274198284316,-0.0100208185613,0.00979952700436,0.258943617344,-0.497823133508,0.0151636280524,0.725729867432,-0.474613897443
1470066274277318716,-0.00987100880593,0.010491640307,0.258900105953,-0.563130832435,0.0239321127501,0.726769044119,-0.392578241948
1470066274353119036,-0.00999998953193,0.0111541356891,0.258880674839,-0.503457528816,0.015842687464,0.725717658126,-0.468629284847
1470066274428154624,-0.00983964186162,0.0117480484769,0.258712023497,-0.567463937306,0.0235263396394,0.726193909765,-0.387393335798
1470066274507437521,-0.00997854489833,0.0123055018485,0.258348047733,-0.476089313621,0.0128632986803,0.724757320973,-0.49789589946
1470066274579428904,-0.00979160424322,0.0125596262515,0.258105576038,-0.59875738379,0.0230471865809,0.723094675518,-0.343645911927
1470066274658463242,-0.00979740265757,0.0126170804724,0.257789671421,-0.617653988319,0.0208865839915,0.720250660191,-0.315129001867
1470066274738038113,-0.0097445929423,0.0126094650477,0.257438510656,-0.640446882179,0.0237186235598,0.719278030549,-0.268149832692
1470066274817904660,-0.00977227371186,0.0125898253173,0.25684222579,-0.627224086795,0.0231821216463,0.720223773841,-0.295516919608
1470066274895376354,-0.00981433875859,0.0126764168963,0.256380796432,-0.571248269971,0.0227410474346,0.725086286672,-0.38393767163
1470066274975301561,-0.00982424430549,0.0127167738974,0.256281197071,-0.570869386893,0.0217353943579,0.724540252845,-0.385586744777
1470066275050882626,-0.00980947725475,0.0126973856241,0.256276786327,-0.580804860684,0.023144299327,0.724490456548,-0.370464078672
1470066275130118691,-0.00982052180916,0.0126531608403,0.25639629364,-0.586062230593,0.0236840583436,0.724386270059,-0.362263245449
1470066275205359235,-0.00988057535142,0.0126886758953,0.256693512201,-0.557238753783,0.0227010207833,0.726596698256,-0.401281538352
1470066275287849802,-0.00985673628747,0.0128482840955,0.25877431035,-0.597826118379,0.0252154771761,0.724353804563,-0.342461206138
1470066275363654008,-0.00989594031125,0.0128795299679,0.25910782814,-0.579520064746,0.0242389891967,0.725421595684,-0.370583964137
1470066275441094617,-0.00988677144051,0.0128659950569,0.259123653173,-0.585130673724,0.0257633308093,0.725766450951,-0.360862029212
1470066275520978249,-0.00993515457958,0.0125899873674,0.259040892124,-0.568198983132,0.0218904951237,0.724989544752,-0.388665514024
1470066275598376656,-0.00987864937633,0.0124116167426,0.25908023119,-0.57164373937,0.0246896156925,0.726559065574,-0.38042841948
1470066275674141501,-0.00991635303944,0.0123092122376,0.25917878747,-0.57216590784,0.0234532859661,0.725566976165,-0.381613260227
1470066275749063071,-0.00999997649342,0.0121307736263,0.259112775326,-0.536910463014,0.0183505327744,0.725160746889,-0.430734609505
1470066275827205297,-0.0098732104525,0.0120330359787,0.259123325348,-0.586735448893,0.0260930465455,0.72579020198,-0.358174885557
1470066275907201598,-0.00992114841938,0.0118970377371,0.259214520454,-0.571759913726,0.023769266692,0.725819606647,-0.38172178563
1470066275985930336,-0.00995983742177,0.0116801783442,0.259142935276,-0.56589806258,0.0214534686057,0.724833981923,-0.392319805902
1470066276064109102,-0.00985672883689,0.0116152120754,0.259099274874,-0.580858279999,0.0266800711738,0.726789911177,-0.365606697656
1470066276142745607,-0.00988049246371,0.0115112857893,0.259150207043,-0.580373075196,0.02545151833,0.726085083494,-0.367858349546
1470066276215822087,-0.00992304552346,0.0113447355106,0.259103059769,-0.567854611591,0.0228700461438,0.725646492937,-0.387885638265
1470066276295239143,-0.00994896423072,0.0112880961969,0.259075462818,-0.552890146277,0.0209148901907,0.725667957105,-0.409000085023
1470066276367870978,-0.00992668606341,0.0111855035648,0.259093284607,-0.568804481365,0.0225562694222,0.725390402319,-0.386990233615
1470066276445455687,-0.0099064335227,0.0110303238034,0.259101867676,-0.570980159515,0.0239075537655,0.725939969124,-0.382650294057
1470066276520532382,-0.00989020057023,0.0109707508236,0.259096235037,-0.573538859556,0.0244075615489,0.726054547626,-0.3785528251
1470066276601116218,-0.00995113234967,0.0108880531043,0.25911539793,-0.551074566428,0.0214037873289,0.726054358143,-0.410735643871
1470066276680298958,-0.00995349977165,0.0108165228739,0.259031891823,-0.549004676669,0.0203933987764,0.7256749097,-0.414214799004
1470066276754156168,-0.00987549498677,0.010736906901,0.259089678526,-0.582256792851,0.0255932960279,0.725923618465,-0.365180654652
1470066276835085919,-0.00987041648477,0.0106248818338,0.259127527475,-0.582106217367,0.0260976991589,0.726324372414,-0.36458766825
1470066276909299477,-0.0098933968693,0.010552637279,0.259109795094,-0.568589421568,0.0242020302317,0.726446400252,-0.38522196066
1470066276981018774,-0.00991685595363,0.0104671930894,0.259092867374,-0.565917360663,0.0229686307156,0.725870680889,-0.390284175351
1470066277068204730,-0.00988671835512,0.0102891828865,0.259125590324,-0.580175854651,0.0251799886294,0.725874283872,-0.368603404578
1470066277144953243,-0.00994808133692,0.0099643971771,0.259107470512,-0.550462405352,0.0211009395868,0.725906506016,-0.411832047279
1470066277219875765,-0.00993205048144,0.00878237374127,0.259200274944,-0.543651341244,0.0228262745545,0.727573735427,-0.41780215398
1470066277293736408,-0.00984125863761,0.00809653569013,0.25909870863,-0.57184317084,0.0270226893959,0.72786275217,-0.377466523317
1470066277367058673,-0.0098423268646,0.00751375081018,0.258854687214,-0.554432521478,0.0248983719179,0.728200034527,-0.402131023321
1470066277444361797,-0.00988505408168,0.00710807414725,0.258448034525,-0.515981535527,0.0192565222203,0.727505146099,-0.451805825269
1470066277520869719,-0.00972756650299,0.00694379024208,0.25825765729,-0.566456425205,0.0263210393879,0.728182862335,-0.384946801819
1470066277594492725,-0.00969209056348,0.00680974358693,0.257959663868,-0.574323963497,0.0263335542178,0.727407259072,-0.374616081241
1470066277668003670,-0.00965958274901,0.00665142107755,0.257498264313,-0.604475782593,0.0257819136773,0.72385801717,-0.331623117656
1470066277745342148,-0.00967432651669,0.00658316165209,0.257136613131,-0.616249509357,0.0254858742801,0.722473363086,-0.312440797688
1470066277823398943,-0.00976956356317,0.00667775049806,0.256286710501,-0.556162244413,0.0238227631992,0.727449117914,-0.401165570169
1470066277897082617,-0.00979601871222,0.00667887181044,0.255976945162,-0.545633710546,0.0206222529142,0.726174191624,-0.417767423359
1470066277978534507,-0.00971778202802,0.0066551794298,0.255568832159,-0.544154806681,0.021978976896,0.727277182597,-0.417708475631
1470066278049655528,-0.00966274552047,0.00661840848625,0.255324959755,-0.573983156375,0.0240065154587,0.725947847418,-0.378109436859
1470066278127566891,-0.00966325029731,0.00657587265596,0.255205065012,-0.582679826857,0.0241948096759,0.725201173244,-0.366035638817
1470066278202184767,-0.00956795737147,0.00631439499557,0.25503051281,-0.603154183915,0.0288878021949,0.725771061626,-0.329585939349
1470066278275625426,-0.00965033937246,0.00609344476834,0.255062937737,-0.57085709474,0.0230249431997,0.725728024838,-0.38328952939
1470066278349997852,-0.00960381422192,0.00615376513451,0.255034685135,-0.574878088609,0.0248612588821,0.726473469227,-0.375677254506
1470066278420476503,-0.00961746647954,0.00616963906214,0.255094140768,-0.574721539224,0.0248009818456,0.726430910596,-0.376002919912
1470066278505853053,-0.00962154380977,0.00620675645769,0.255251973867,-0.559714932982,0.0246588874162,0.727889532832,-0.395332721973
1470066278586340341,-0.00965935457498,0.00640720594674,0.2553383708,-0.564383063203,0.0234766101139,0.726626223638,-0.391068968175
1470066278665425172,-0.00962373893708,0.00648025469854,0.255235791206,-0.562732437317,0.0246365288129,0.727461280691,-0.39182308576
1470066278746281928,-0.00966827943921,0.00646524317563,0.255318373442,-0.551637892326,0.0224708090767,0.727128141633,-0.408013926399
1470066278822700156,-0.00969679746777,0.00654939329252,0.255280047655,-0.543862340639,0.0212609171544,0.72688484819,-0.418808005306
1470066278900571177,-0.00968297664076,0.00656957179308,0.255278199911,-0.555631268476,0.0221060627295,0.726384682769,-0.403918937562
1470066278980332132,-0.0096561126411,0.00660579930991,0.25529229641,-0.567921967493,0.0239528797456,0.726499787978,-0.386120391146
1470066279052970517,-0.00961893610656,0.00670581450686,0.25534042716,-0.573670320211,0.025912694918,0.727201674195,-0.376043376487
1470066279125489723,-0.00962521042675,0.00672601163387,0.255373477936,-0.586908896892,0.0265152236829,0.726238486838,-0.356948945785
1470066279201121964,-0.00967367272824,0.00682730367407,0.2554050982,-0.574188408066,0.0240081681189,0.725985170412,-0.377725842706
1470066279281519943,-0.00968266651034,0.00690920371562,0.255296438932,-0.567317318662,0.023101081335,0.726077169686,-0.387852218825
1470066279355951820,-0.00971992872655,0.00696712499484,0.255300372839,-0.552615380736,0.0208792558386,0.725851387014,-0.409047749804
1470066279429993738,-0.00968816503882,0.00703321909532,0.255287617445,-0.552665614655,0.0226152531441,0.727171536747,-0.406535145895
1470066279508303490,-0.00965377502143,0.00705636665225,0.255309790373,-0.585489162345,0.02522270765,0.725656543821,-0.360539645816
1470066279583317150,-0.0096587529406,0.00711638014764,0.255402863026,-0.593750455367,0.0257369541726,0.725070488494,-0.347952285027
1470066279656001002,-0.00965094566345,0.00718364259228,0.255427569151,-0.587998721136,0.0263008290824,0.7260099178,-0.35563375766
1470066279728724719,-0.00963212363422,0.00725156022236,0.255351603031,-0.588290593705,0.026896547101,0.726412841154,-0.354281155749
1470066279807719874,-0.00969136226922,0.00734448106959,0.255317002535,-0.584014585328,0.0237560078936,0.724927439307,-0.364476095174
1470066279882325482,-0.00974638294429,0.00737115042284,0.255353868008,-0.562664533228,0.0203483437197,0.724639413623,-0.397356625942
1470066279955973962,-0.00970274303108,0.00741961086169,0.25529178977,-0.571964787095,0.0226010061857,0.725303570286,-0.382465956357
1470066280030830119,-0.00969210267067,0.00748150283471,0.255395531654,-0.589155703523,0.0245254303895,0.724947965829,-0.35601194799
1470066280110999995,-0.00975577905774,0.00781848561019,0.255360841751,-0.589188155584,0.0222769021191,0.723611657591,-0.358813636795
1470066280185680759,-0.00977291353047,0.00823587551713,0.255270272493,-0.609301142801,0.0228974492007,0.722136810906,-0.326720447074
1470066280264734523,-0.00982342474163,0.00865738000721,0.25480851531,-0.578561226576,0.0224207695365,0.724687230201,-0.373620977169
1470066280342264300,-0.00981551222503,0.00877101998776,0.254662871361,-0.563580029114,0.0237874640892,0.726905436188,-0.391688899735
1470066280424366403,-0.00978895463049,0.00920486729592,0.254156827927,-0.555149669187,0.0247504115232,0.728319952534,-0.400931800524
1470066280497535059,-0.00983173213899,0.00935774669051,0.253811538219,-0.538394045466,0.0203306371499,0.726638953823,-0.426279659128
1470066280570704474,-0.00972960237414,0.0094554098323,0.253634780645,-0.573558107247,0.0246418983435,0.72645594847,-0.377737513876
1470066280649926371,-0.00973131880164,0.00954492483288,0.253139257431,-0.61582454815,0.0224042169203,0.721088857042,-0.316684444219
1470066280727662333,-0.00971621554345,0.00961248669773,0.252762287855,-0.607003616664,0.0244324646601,0.722959865249,-0.329057285691
1470066280800463798,-0.00975814927369,0.00974513124675,0.251910984516,-0.562820311648,0.0249159323376,0.727574853638,-0.391468166607
1470066280885889298,-0.0098245581612,0.00978981237859,0.251648753881,-0.540535424764,0.0196807952191,0.725950541237,-0.424770446892
1470066280961554873,-0.00973258074373,0.00982002262026,0.251347005367,-0.551052586698,0.0223538543923,0.727017506049,-0.409007209943
1470066281034144477,-0.00965460762382,0.00980496685952,0.251062631607,-0.586691869657,0.025523324638,0.725770274383,-0.358327669599
1470066281110530343,-0.00959087256342,0.00982054695487,0.250424921513,-0.615917228913,0.0279911717124,0.723912392099,-0.309537251393
1470066281180445269,-0.00979222916067,0.00989299174398,0.249704122543,-0.546907609276,0.0205582180181,0.726045216766,-0.416326518251
1470066281254841262,-0.0097263706848,0.00992293097079,0.249459326267,-0.56551875839,0.0231046134025,0.725979605458,-0.39065115283
1470066281328707476,-0.00963781401515,0.010027455166,0.249159514904,-0.587082280384,0.026112895506,0.725796848577,-0.357591173471
1470066281408326177,-0.00970273930579,0.0100627848879,0.248883590102,-0.568764223483,0.0210152296256,0.724591636789,-0.388629100949
1470066281487692537,-0.00966521073133,0.0100347772241,0.248634159565,-0.595140165498,0.0226808720363,0.723266805342,-0.349540970051
1470066281561547941,-0.00963938422501,0.0100226150826,0.248362869024,-0.597580457827,0.0236408023102,0.723588652925,-0.344613073239
1470066281635808293,-0.00964544247836,0.0100353788584,0.248023867607,-0.586764311957,0.0241320492776,0.72485958842,-0.360144225953
1470066281712883558,-0.00966270081699,0.0100542251021,0.247206702828,-0.552918383852,0.0249175561614,0.728637654263,-0.403419812333
1470066281788851213,-0.0095790643245,0.0100300032645,0.24686384201,-0.573267419821,0.0268741628616,0.727798763199,-0.375434688099
1470066281862423338,-0.00955158472061,0.00998064316809,0.246590957046,-0.5906565879,0.0262688216881,0.725544034646,-0.352165583166
1470066281936832647,-0.00959642231464,0.00990396458656,0.246150299907,-0.608913184587,0.0229619740265,0.722008139351,-0.327722028701
1470066282008456284,-0.00962098222226,0.00992097053677,0.245777487755,-0.590613867923,0.0227226847678,0.723686900198,-0.356281081586
1470066282083151607,-0.00965545512736,0.00997210107744,0.245236456394,-0.562116409401,0.0238040959815,0.726951972811,-0.393699551084
1470066282158050870,-0.00964141078293,0.00998381152749,0.245027109981,-0.559370298527,0.0247447214413,0.727800101511,-0.395979267296
1470066282235120239,-0.00955674890429,0.0100127877668,0.244591340423,-0.574133787197,0.0262967068837,0.727294992812,-0.375127806269
1470066282308705816,-0.00953814480454,0.0100234057754,0.244357466698,-0.571868035238,0.0254546944913,0.727093101736,-0.379017981379
1470066282381588303,-0.00957471877337,0.00999121647328,0.244113788009,-0.580648993982,0.022551084774,0.724575924526,-0.370577824431
1470066282460124014,-0.00954059697688,0.00995531119406,0.243834301829,-0.599831512482,0.023318477928,0.723203182514,-0.34151948996
1470066282535627430,-0.00956256128848,0.00995103083551,0.243462085724,-0.592432402345,0.0238179253926,0.724099393791,-0.352330275442
1470066282607656652,-0.0095321778208,0.00994993932545,0.2425827384,-0.577166878098,0.0261645375169,0.726889126921,-0.3712492545
1470066282684796872,-0.00948041863739,0.00992918014526,0.242312699556,-0.586160779105,0.0276181869988,0.726845051476,-0.35685998365
1470066282760410827,-0.00949229486287,0.00992891192436,0.242058634758,-0.580474530635,0.0251876187035,0.725958669556,-0.367965913156
1470066282835930243,-0.00951475929469,0.0099043706432,0.241501539946,-0.579017320072,0.0227480523769,0.724934857147,-0.372412301171
1470066282909192988,-0.0095545668155,0.00990127865225,0.240937978029,-0.563980045185,0.0227597750541,0.726115738265,-0.392637792267
1470066282981106606,-0.00952879618853,0.00991628784686,0.240512222052,-0.564832050542,0.0240329722219,0.726755799912,-0.390145073301
1470066283053836271,-0.00948125962168,0.0099105136469,0.240272536874,-0.577171544671,0.0254770949232,0.726396167048,-0.372253319871
1470066283129695301,-0.00946224387735,0.00989374052733,0.239833787084,-0.595354805202,0.0241106626603,0.723958495499,-0.347642673823
1470066283206354347,-0.00946692563593,0.00989057682455,0.239508211613,-0.594853470461,0.0229765163924,0.723502152182,-0.34952262325
1470066283284503088,-0.00951569341123,0.00992990192026,0.23886077106,-0.562332121966,0.0235254573616,0.726793897285,-0.39370009948
1470066283356025645,-0.00945777725428,0.00996883772314,0.23836606741,-0.566446481189,0.0264288928794,0.72820532134,-0.384911558078
1470066283433337729,-0.00941819790751,0.00996565818787,0.238072648644,-0.574510160953,0.0262566311282,0.727201331916,-0.374735756424
1470066283507264737,-0.0094421710819,0.00998255051672,0.23771956563,-0.56046664102,0.0220206053766,0.725853411206,-0.398157082926
1470066283580093951,-0.00936768390238,0.00996870268136,0.237279579043,-0.598661142413,0.0255074229263,0.72435466161,-0.34097585273
1470066283652946374,-0.00938565749675,0.00996979977936,0.236800611019,-0.602338675154,0.0264384711646,0.724514763385,-0.334017193111
1470066283726594098,-0.00943418219686,0.0100381756201,0.236213997006,-0.565336674401,0.0246150775801,0.727231461142,-0.388488023571
1470066283799575813,-0.00943143386394,0.0100587354973,0.235850572586,-0.55277576863,0.0221835389053,0.726792900982,-0.407085886883
1470066283877623275,-0.00933170039207,0.0100508620963,0.235535368323,-0.590351829189,0.0263382733323,0.725801561144,-0.35214074881
1470066283951712055,-0.00929433293641,0.0100469524041,0.235141471028,-0.597162154243,0.0276078705838,0.725711046716,-0.340556373741
1470066284032982759,-0.00938418880105,0.0100603280589,0.23444904387,-0.580231829998,0.0262235571794,0.726584191518,-0.367040544275
1470066284105781500,-0.00945181958377,0.0100650889799,0.234092637897,-0.550771480027,0.0208471940902,0.725775898546,-0.411661895708
1470066284177568844,-0.00935328472406,0.0101044075564,0.233806908131,-0.570302397373,0.0244607219702,0.726527070639,-0.382511783165
1470066284253141788,-0.0092809535563,0.0101096834987,0.233611524105,-0.58508760237,0.0267720388937,0.726471288538,-0.359437369254
1470066284326751652,-0.00926119554788,0.0100960209966,0.233350023627,-0.599671089683,0.0274610749983,0.725332731401,-0.336946438349
1470066284403820911,-0.00933850556612,0.0101081449538,0.232760086656,-0.578788526607,0.0244255014605,0.725870682806,-0.370835527139
1470066284476116585,-0.00942200049758,0.0101151233539,0.232403114438,-0.555814630558,0.0224340880741,0.726677162858,-0.40312170511
1470066284549574029,-0.0094182882458,0.0101203713566,0.23221167922,-0.553202328288,0.0220035693423,0.726575882753,-0.406903567833
1470066284626006822,-0.00934980064631,0.0100627718493,0.231950253248,-0.568382370966,0.02320405137,0.725945868984,-0.386530267482
1470066284696821667,-0.00923742447048,0.0100033162162,0.231437325478,-0.604716245206,0.0265707077794,0.724282874057,-0.330191730088
1470066284778617878,-0.00922919902951,0.0100147388875,0.231047436595,-0.594448199078,0.0267383036359,0.725502496909,-0.345778149556
1470066284852360498,-0.00932348705828,0.0100585771725,0.230334743857,-0.561418203267,0.0249710446582,0.727865903464,-0.39293418602
1470066284924605415,-0.00937736872584,0.0100548220798,0.230177462101,-0.546721145086,0.0218538728875,0.727107262327,-0.414648558212
1470066284998241214,-0.00922480691224,0.0100369406864,0.229656428099,-0.57661122277,0.0255323612634,0.726651178537,-0.372619995484
1470066285071028256,-0.00919535849243,0.0100336940959,0.229373082519,-0.588192074782,0.0264624721111,0.726035509429,-0.355249573934
1470066285149694468,-0.00918556377292,0.00999362487346,0.229071721435,-0.595432443616,0.0264676093537,0.725126336541,-0.344893413678
1470066285228096714,-0.00930103939027,0.0100180618465,0.228417932987,-0.564230735981,0.0233515310395,0.726392701763,-0.391729530923
1470066285302426602,-0.00928731262684,0.010050679557,0.227997437119,-0.547206378379,0.0225581812418,0.727503691257,-0.413273138648
1470066285377737870,-0.00919780973345,0.0100478930399,0.227721780539,-0.56817418793,0.025104321561,0.727201616018,-0.384350978754
1470066285453155136,-0.00913540180773,0.0100437328219,0.227298408747,-0.582558324052,0.0263210763817,0.72658313727,-0.363331728108
1470066285531582834,-0.00917850993574,0.0100577631965,0.226968333125,-0.577871427532,0.0250799014967,0.726339431042,-0.371303976139
1470066285608006539,-0.00921856425703,0.0100755477324,0.226191863418,-0.569341624612,0.0242278994339,0.726565553852,-0.383882298795
1470066285681375685,-0.00915573071688,0.0100962715223,0.225886836648,-0.572023778652,0.0254454461604,0.727012568496,-0.378938057173
1470066285758022593,-0.00912586692721,0.0100991409272,0.225634679198,-0.578294191594,0.0256548568655,0.726660230513,-0.369976439355
1470066285836316688,-0.00917719397694,0.0101138297468,0.225156635046,-0.554951202835,0.023501798443,0.727524367499,-0.402722140734
1470066285910800092,-0.00918843410909,0.0101318983361,0.224392101169,-0.55987456433,0.0246770005841,0.727835019916,-0.395205897783
1470066285992593602,-0.00913497619331,0.0101210167632,0.224168166518,-0.577061382516,0.0258732762067,0.72676436156,-0.371677679116
1470066286069405533,-0.00911484565586,0.0101241208613,0.223839119077,-0.57735451094,0.0248047769836,0.726086634045,-0.372618694643
1470066286145513251,-0.00909414049238,0.0101306373253,0.223469227552,-0.579380738084,0.0253684644493,0.726317836303,-0.368967209947
1470066286218491925,-0.00902712997049,0.0100925117731,0.221333533525,-0.561839875038,0.0210302942024,0.725002639268,-0.397825155813
1470066286295724097,-0.00901836156845,0.0100432774052,0.219610020518,-0.582005409546,0.0208534705725,0.723054554439,-0.371519780537
1470066286373430195,-0.0091377357021,0.0100990599021,0.21844355762,-0.522835374227,0.0170473053395,0.725126849093,-0.447820961504
1470066286446453817,-0.00909497775137,0.0101312790066,0.218869775534,-0.567262150083,0.0230728647925,0.725776546241,-0.388496719316
1470066286525573319,-0.0090799825266,0.0101455086842,0.218738883734,-0.561535439532,0.0225515580072,0.725966528982,-0.396411372414
1470066286601658185,-0.00909227039665,0.0101619977504,0.218464776874,-0.546357817107,0.0197399906992,0.725453049181,-0.41811642145
1470066286674690319,-0.00897365435958,0.0101664410904,0.218090832233,-0.586513372739,0.0235481229251,0.724429281577,-0.361455067055
1470066286747462393,-0.00898529216647,0.0102002881467,0.217592939734,-0.578481450949,0.0234416725148,0.725116716605,-0.372847752035
1470066286826261525,-0.00910827331245,0.0102306576446,0.217023923993,-0.547848237148,0.0198378840559,0.725391760385,-0.416263812234
1470066286900759678,-0.00897529255599,0.0102265123278,0.216619193554,-0.579080655672,0.0231704408895,0.724738107813,-0.372670632034
1470066286973925378,-0.00895481929183,0.0102327084169,0.2163374722,-0.583652992011,0.0230579631205,0.7242686353,-0.366404775043
1470066287047369994,-0.00903151556849,0.0102718304843,0.215909257531,-0.547051172664,0.0195073579255,0.725120424189,-0.417797615955
1470066287124156292,-0.00905743520707,0.0102906757966,0.215305656195,-0.550125145015,0.021239080282,0.726138756892,-0.411866157908
1470066287201020635,-0.00895439833403,0.0103062912822,0.21494166553,-0.574956649865,0.0234292321706,0.725389503273,-0.377737991732
1470066287276089165,-0.00893211178482,0.0103170806542,0.214680284262,-0.576251629665,0.0222303705142,0.724512584927,-0.377520044789
1470066287348155696,-0.00888000056148,0.0101665286347,0.214396938682,-0.592808962926,0.0229212860476,0.72336854318,-0.35325642083
1470066287419730681,-0.00884843431413,0.0101259695366,0.214004397392,-0.573594500778,0.0224827915781,0.72487908858,-0.380833532792
1470066287495052225,-0.0087717724964,0.0100379567593,0.213455423713,-0.571624086999,0.0226881976527,0.725381067505,-0.382823008393
1470066287571267631,-0.00877982284874,0.00998756941408,0.213225275278,-0.575571677823,0.0233677965794,0.725443507459,-0.376700022905
1470066287649291948,-0.0087430011481,0.00991147011518,0.21388220787,-0.582497417055,0.0234049133878,0.724932178269,-0.366909125075
1470066287726922203,-0.00874185562134,0.00989283621311,0.214250594378,-0.562343774007,0.0249052871624,0.72789948846,-0.391550177125
1470066287805554545,-0.00869575794786,0.00982562080026,0.214111804962,-0.557987930058,0.0250656348986,0.728507055805,-0.396608942788
1470066287877028893,-0.00866279471666,0.00963284354657,0.213755726814,-0.546769621577,0.023301453334,0.728337261859,-0.412340704008
1470066287948670161,-0.00860811024904,0.00948218349367,0.213442444801,-0.553988196283,0.0227063278906,0.726932579445,-0.405154940726
1470066288030661339,-0.0085003580898,0.00938119832426,0.213187769055,-0.564234674968,0.0254160471178,0.727977204635,-0.388641796061
1470066288102974137,-0.00843896809965,0.00922986865044,0.212713390589,-0.56000950364,0.0247865364089,0.727996852028,-0.394709471488
1470066288175420247,-0.00841104518622,0.00915743131191,0.212374597788,-0.560980708703,0.0248547939814,0.727911511492,-0.393481530847
1470066288250794566,-0.0084140682593,0.00908231176436,0.211928039789,-0.562295570484,0.024943552963,0.72786131875,-0.391687900309
1470066288327334593,-0.00841271039099,0.00898443814367,0.211377844214,-0.556184315678,0.0252505139635,0.728525029535,-0.39908983936
1470066288403309798,-0.00835982523859,0.00891039147973,0.211168780923,-0.550915411421,0.0252156404061,0.729310872857,-0.404922253859
1470066288476848101,-0.00830921437591,0.00877235922962,0.210734680295,-0.553436574807,0.0248432355778,0.728643666566,-0.402702344773
1470066288548786771,-0.00840417481959,0.00872618146241,0.209789916873,-0.542325288486,0.0226953989997,0.728251025813,-0.418352296199
1470066288625349476,-0.00834864191711,0.00870398711413,0.209464088082,-0.550675098312,0.0239147972434,0.728372156403,-0.407012309825
1470066288701055891,-0.00827375147492,0.00868189893663,0.209063157439,-0.555089148536,0.0246715144042,0.728400768185,-0.40087363902
1470066288774556536,-0.00830243807286,0.00870460364968,0.208452105522,-0.542621643647,0.023243136661,0.728523937128,-0.417461832359
1470066288847382973,-0.00835139863193,0.00868992041796,0.207996279001,-0.545926206626,0.0227000701944,0.72789334483,-0.414271121713
1470066288924413594,-0.00830695684999,0.00869278796017,0.207791879773,-0.55386645334,0.0235549493901,0.727688631047,-0.403913818121
1470066289000645269,-0.00823308806866,0.00867597945035,0.207256242633,-0.56565919364,0.0247931240979,0.72743504637,-0.387625116524
1470066289076224026,-0.00829587876797,0.00870009232312,0.206775799394,-0.542458514471,0.0225764491555,0.728088048224,-0.418469662048
1470066289148440752,-0.00832011085004,0.00869291182607,0.206267476082,-0.538892778127,0.0228826466173,0.728731030616,-0.421926585064
1470066289226196305,-0.00825532246381,0.00869341939688,0.206036046147,-0.555081871768,0.024137436429,0.727956450949,-0.401722423222
1470066289301435769,-0.00819315668195,0.00867479573935,0.205553233624,-0.578065809488,0.0255521000266,0.72660944337,-0.37043990996
1470066289375053878,-0.00832375697792,0.00869084242731,0.204971849918,-0.550111399928,0.0223809868279,0.72725639932,-0.409847128507
1470066289447301260,-0.00826772674918,0.00869889929891,0.20464463532,-0.549908767323,0.0235420385199,0.7281269373,-0.408506160567
1470066289521986264,-0.0082540679723,0.00866975169629,0.204417452216,-0.54603913518,0.0229066178944,0.727804575802,-0.414266881552
1470066289590591830,-0.00828352756798,0.00870424602181,0.203732654452,-0.541007534253,0.0215179637363,0.727322136704,-0.42172305436
1470066289662847654,-0.00827975198627,0.00869950745255,0.203347831964,-0.551207261653,0.0228990682907,0.727412670799,-0.408064938133
1470066289735574637,-0.00822318438441,0.00865160766989,0.203027009964,-0.564429386256,0.0239785194536,0.726908823603,-0.390445976678
1470066289813586198,-0.0082056960091,0.00864240434021,0.202726364136,-0.550912177259,0.0235935480899,0.727868420949,-0.407610940998
1470066289892436793,-0.00819433107972,0.00863299425691,0.202312216163,-0.554293479764,0.0243798887852,0.728078533538,-0.402574227087
1470066289965795166,-0.00825352966785,0.00864455290139,0.20183108747,-0.53940832741,0.0218119214516,0.7278341283,-0.42287158581
1470066290037419401,-0.00819406379014,0.0086580934003,0.201474204659,-0.548900949775,0.0227020542431,0.727551692843,-0.410926877085
1470066290109898895,-0.00813625566661,0.00865116436034,0.201319828629,-0.559345770923,0.0238017033967,0.727312750618,-0.396965930847
1470066290183694837,-0.00806321296841,0.00867626350373,0.201139092445,-0.564782747031,0.0255873305889,0.727995912644,-0.387798515137
1470066290260085290,-0.00805560592562,0.00869268923998,0.200935721397,-0.561837776954,0.0238320965861,0.727206586189,-0.39362536067
